ParName   Value   Gradient
log_avg_fmort     0.244541   -0.0633762
fmort_dev(1982)     -1.22258    0.0387147
fmort_dev(1983)     -1.80603    0.0172595
fmort_dev(1984)      -1.0902   -0.0189821
fmort_dev(1985)    -0.580569   -0.0690942
fmort_dev(1986)   -0.0775482     0.130704
fmort_dev(1987)      0.77207   -0.0887213
fmort_dev(1988)     0.710969    0.0141342
fmort_dev(1989)     0.357864    -0.085905
fmort_dev(1990)      1.10534  -0.00767287
fmort_dev(1991)      1.29144   -0.0449391
fmort_dev(1992)      1.01831   -0.0174653
fmort_dev(1993)     0.588812     0.139945
fmort_dev(1994)     0.692191     0.110934
fmort_dev(1995)     0.456259    -0.119562
fmort_dev(1996)    -0.196427     0.228003
fmort_dev(1997)     0.136677     0.264937
fmort_dev(1998)     0.464739    -0.831693
fmort_dev(1999)     -0.75694   0.00320437
fmort_dev(2000)    -0.618145   -0.0169069
fmort_dev(2001)     0.323413   0.00598795
fmort_dev(2002)    -0.106227    0.0874062
fmort_dev(2003)    -0.920955    0.0252568
fmort_dev(2004)    -0.979073    0.0127016
fmort_dev(2005)    -0.222064    0.0290571
fmort_dev(2006)    -0.129306    0.0380223
fmort_dev(2007)   0.00911047    0.0294937
fmort_dev(2008)    -0.614446    0.0732185
fmort_dev(2009)     -1.13654    0.0437989
fmort_dev(2010)     -1.05252    0.0741374
fmort_dev(2011)    -0.140315   -0.0144971
fmort_dev(2012)     0.422961   -0.0298437
fmort_dev(2013)     0.524791    0.0233709
fmort_dev(2014)     0.915186    0.0357102
fmort_dev(2015)     0.943716    0.0109413
fmort_dev(2016)      0.58231    0.0172023
fmort_dev(2017)     0.393331 -0.000476977
fmort_dev(2018)   -0.0596121  -0.00921532
log_avg_fmortdf -0.000103638   0.00248863
fmortdf_dev(1982)    -0.310582   0.00319314
fmortdf_dev(1983)     -0.29475    0.0410874
fmortdf_dev(1984)    -0.187158  -0.00687777
fmortdf_dev(1985)    -0.118293    0.0150873
fmortdf_dev(1986)   -0.0329923   0.00918085
fmortdf_dev(1987)   -0.0758658   -0.0298069
fmortdf_dev(1988)    -0.272444   -0.0328348
fmortdf_dev(1989)    -0.286418    0.0368665
fmortdf_dev(1990)    -0.208488    0.0771461
fmortdf_dev(1991)   -0.0407265    0.0570452
fmortdf_dev(1992)     0.623681   -0.0537247
fmortdf_dev(1993)     0.275982     0.042091
fmortdf_dev(1994)    0.0533325  -0.00674775
fmortdf_dev(1995)    -0.281854    0.0369621
fmortdf_dev(1996)     0.208847    0.0666442
fmortdf_dev(1997)    -0.231096    0.0163318
fmortdf_dev(1998)    -0.115347   0.00393143
fmortdf_dev(1999)   -0.0977401    0.0063589
fmortdf_dev(2000)     -0.07473   0.00447716
fmortdf_dev(2001)   -0.0764219   -0.0577758
fmortdf_dev(2002)    -0.063029     0.027254
fmortdf_dev(2003)   -0.0968544    0.0159986
fmortdf_dev(2004)   -0.0861192  -0.00165781
fmortdf_dev(2005)        -0.13  -0.00736839
fmortdf_dev(2006)    -0.182697    0.0532109
fmortdf_dev(2007)    -0.150236    -0.176763
fmortdf_dev(2008)    -0.151318   -0.0448482
fmortdf_dev(2009)    -0.121452   0.00596943
fmortdf_dev(2010)      -0.1425    0.0444217
fmortdf_dev(2011)       1.3723    0.0426007
fmortdf_dev(2012)    -0.148597   -0.0426615
fmortdf_dev(2013)     0.181662    -0.022705
fmortdf_dev(2014)      1.39509  -0.00755147
fmortdf_dev(2015)     0.284287   0.00074932
fmortdf_dev(2016)   -0.0690061   -0.0341231
fmortdf_dev(2017)    -0.112108   0.00268193
fmortdf_dev(2018)    -0.236357    0.0532691
log_avg_fmortt     -3.00566      0.61359
fmortt_dev_era1(1982)     0.113162    -0.254906
fmortt_dev_era1(1983)     0.098484    -0.239164
fmortt_dev_era1(1984)   -0.0402579    -0.219957
fmortt_dev_era1(1985)    -0.271368    -0.193547
fmortt_dev_era1(1986)      1.70352     0.517856
fmortt_dev_era1(1987)      -3.1184    -0.279834
fmortt_dev_era1(1988)     0.345647     0.255219
fmortt_dev_era1(1989)     0.267034    -0.123883
fmortt_dev_era1(1990)    -0.281209      0.29601
fmortt_dev_era1(1991)      1.18339     0.146139
fmortt_dev_era2(1992)      1.37799    0.0309178
fmortt_dev_era2(1993)      1.67612     0.158282
fmortt_dev_era2(1994)       2.9199    -0.823686
fmortt_dev_era2(1995)      1.71163     0.204336
fmortt_dev_era2(1996)     0.658264     0.164735
fmortt_dev_era2(1997)     0.848172     0.285024
fmortt_dev_era2(1998)     0.911254     0.104342
fmortt_dev_era2(1999)      1.23776    0.0530473
fmortt_dev_era2(2000)      1.41911   0.00177702
fmortt_dev_era2(2001)      1.30302   -0.0324543
fmortt_dev_era2(2002)     0.547308   -0.0147542
fmortt_dev_era2(2003)      1.66265    0.0626035
fmortt_dev_era2(2004)      1.87806    -0.122913
fmortt_dev_era2(2005)     0.899256   -0.0461378
fmortt_dev_era2(2006)       1.7468   -0.0258786
fmortt_dev_era2(2007)     0.669505   -0.0764563
fmortt_dev_era2(2008)    -0.167506  -0.00702839
fmortt_dev_era2(2009)     0.668547    0.0449668
fmortt_dev_era2(2010)      -1.0738     0.332736
fmortt_dev_era2(2011)     -1.01979     0.102553
fmortt_dev_era2(2012)    0.0240303    0.0544312
fmortt_dev_era2(2013)     -3.83424    0.0300696
fmortt_dev_era2(2014)    -0.173418    -0.038335
fmortt_dev_era2(2015)     -3.81217   -0.0234486
fmortt_dev_era2(2016)     -3.99755  0.000939596
fmortt_dev_era2(2017)     -4.04881     0.027243
fmortt_dev_era2(2018)     -4.03208    0.0258268
