# Number of parameters = 364 Objective function value = 7235.19415848159  Maximum gradient component = 0.00301796402542735
# af:
-0.550504503467
# am:
3.48870223051
# bf:
1.31548106158
# bm:
1.19643294782
# bf1:
1.00000001968
# deltaf:
38.4982007368
# st_gr:
0.500000000000
# growth_beta:
 0.750000000000 0.750000000000
# matest50f:
45.0000000000
# matestslpf:
0.275000000000
# matest50m:
85.0000000000
# matestslpm:
0.260000000000
# mateste:
 -5.05359017283 -4.50830191373 -3.96301375469 -3.41927725989 -2.89408536564 -2.42737523787 -2.05298228744 -1.78069321667 -1.62541976518 -1.52847476076 -1.47557910248 -1.49818961664 -1.50144850593 -1.33536291301 -0.932508256184 -0.358169026997 -1.67636038384e-009
# matestfe:
 -4.86357500034 -3.78018182602 -2.69679544350 -1.62397585374 -0.685341246104 -0.201439146038 -0.183361225045 -0.157930858601
# moltp_af:
2.00000000000
# moltp_bf:
150.000000000
# moltp_am:
1.52000000000
# moltp_bm:
215.000000000
# moltp_ammat:
0.0500000000000
# moltp_bmmat:
105.000000000
# mean_log_rec_f:
13.5509062490
# mean_log_rec_m:
13.3444334298
# rec_devf:
 -1.22490778423 -0.194969972875 0.667215739796 2.10544567937 0.727380753442 0.425374003187 -0.450797950147 0.449106903579 0.360016146272 0.899294082661 0.913171504054 0.701049482653 -0.785480577573 -0.979547836647 -0.834152876006 -0.640820154220 -0.241033317578 -0.936875975334 -1.15342230969 -1.21879220614 -0.0655628798412 0.827596863233 -0.226218963313 -0.0934131145541 -1.24520364345 -0.847126392132 1.30783154788 0.0986653382476 -0.475875081960 -0.250348999198 -0.128687189957 -0.570854736358 0.562877100623 1.37955732727 1.40510539997 -0.262204939731 -0.00339096020639 -1.11034851021e-008
# rec_devm:
 0.993729856893 0.909233677639 1.14220577586 1.88938248135 1.10197682235 1.68704001638 -1.67138682004 -0.534610171344 -0.299377073609 2.20613749384 0.440106150271 -0.114888732222 -1.46926768274 -1.93634668388 -1.60847742078 0.276715651618 -0.000468594530356 -1.16553619923 -1.11888943293 -0.0424798936457 0.705692698580 0.678028691873 0.357657075040 0.00820795577083 -1.49502903344 -1.14712284514 0.407320897447 -0.633851599981 -1.02265209086 -1.39901423734 -1.03114439133 -0.347331893423 1.24268946533 2.00937320208 1.42065085301 -0.436263727971 -0.00201035653803 1.15647273839e-007
# alpha1_rec:
11.5000000000
# beta_rec:
4.00000000000
# mnatlen_styr:
 11.0874886648 11.2303497885 11.5760346915 12.0090841007 12.2923244097 12.2275812075 12.0273299147 11.7593618294 11.6393141314 11.5179119575 11.1166044563 10.8762082244 11.0489791466 10.6840226571 9.27181052527 7.98826827344 7.01961357536 6.34823282154 5.87377450409 5.52673438002 5.28493248634 5.15946275129
 1.88732457038 3.32348534822 4.75964088828 6.19572402190 7.63082031250 9.05177489702 10.2414529910 11.0522531788 11.4902781722 11.6766521697 11.7216777554 11.7012805436 11.6779658307 11.6386690583 11.4864424388 11.1509025255 10.4946983132 9.59066030063 8.52287914650 7.36058188308 6.15717369089 4.94386892078
# fnatlen_styr:
 9.32133472716 9.40563573743 9.72572611539 10.4275950074 11.9785568058 13.0491771194 12.3895158120 11.3629485209 10.3087252301 9.11432372110 8.38433277000 8.06376692955
 9.34686991626 9.47496085807 9.87256198140 10.8369987638 12.4555302945 13.0375289138 12.4980248464 11.5334364090 10.5710805231 9.33217707497 8.52929938007 8.17056676830
# log_avg_fmort:
-0.0225793426877
# fmort_dev:
 -0.907107041592 -1.47828041349 -0.813042710807 -0.313917629568 0.127505795193 0.930826003398 0.948131138775 0.637273471832 1.38795432293 1.54685364613 1.17989801835 0.633069488876 0.356482455590 0.204130060102 -0.212489460959 0.142919209564 0.294568693813 -1.02952362961 -0.988771813236 -0.293698155128 -0.450271424596 -1.02268726218 -1.09923703978 -0.467180692524 -0.369797915085 -0.0976728675166 -0.573567277907 -1.02982804131 -0.922724417933 -0.0387886748469 0.421341139901 0.554457246381 0.938334261294 0.877110562789 0.510015304356 0.376427804887 0.0412878438916
# log_avg_fmortdf:
-5.07831633465
# fmortdf_dev:
 -0.136578804161 -0.175698674785 -0.110067440881 -0.0731230533449 -0.0133273735789 -0.0705104820775 -0.274458562322 -0.286517004276 -0.206221597448 -0.0405679947714 0.615942299824 0.268107719920 0.0384843379305 -0.318295003299 0.140999284785 -0.292024050849 -0.186004927222 -0.158854890903 -0.124725085679 -0.111211063433 -0.0797228995160 -0.0840598610847 -0.0842883774523 -0.115143372955 -0.178098683280 -0.153650190062 -0.150972470600 -0.121915135717 -0.148335056042 1.36918484160 -0.136452151830 0.201421141880 1.38923674168 0.303895808666 -0.0790872154089 -0.140411465787 -0.276949287518
# log_avg_fmortt:
-4.66867135523
# fmortt_dev_era1:
 -0.0450718119796 -0.122350398151 -0.221974409782 -0.269887918001 1.05170833348 -0.557329434699 0.0723240457241 -0.0161658555975 -0.453452677070 0.562200126074
# fmortt_dev_era2:
 0.674489550858 0.898826859097 1.98226317120 0.797048865085 -0.155424859574 0.0354797301353 0.0253472336466 0.0896622433803 0.153669364874 -0.0384328609761 -0.379437120420 0.519105563554 0.770309747554 -0.179834854525 0.644101588419 -0.236095706781 -0.630128981627 -0.162036680682 -0.834234943943 -0.727453808335 -0.420280249097 -0.486707240079 -0.434640234681 -0.364577884160 -0.398723398346 -0.475608835783 -0.666686258795
# discard_mult:
1.00000000000
# Fem_F_prop_constant:
0.500000050000
# log_avg_sel50_mn:
4.66006848507
# log_sel50_dev_mn:
 0.00000000000 0.00000000000 0.00000000000 0.00000000000 0.00000000000 0.00000000000 0.00000000000 0.00000000000 0.00000000000 0.00000000000 0.00000000000 0.00000000000 0.00000000000 0.00000000000 0.00000000000 0.00000000000 0.00000000000 0.00000000000 0.00000000000 0.00000000000 0.00000000000 0.00000000000 0.00000000000 0.00000000000 0.00000000000 0.00000000000 0.00000000000 0.00000000000 0.00000000000 0.00000000000 0.00000000000 0.00000000000 0.00000000000 0.00000000000 0.00000000000 0.00000000000 0.00000000000 0.00000000000
# log_avg_sel50_mo:
4.50000000000
# log_sel50_dev_mo:
 0.00000000000 0.00000000000 0.00000000000 0.00000000000 0.00000000000 0.00000000000 0.00000000000 0.00000000000 0.00000000000 0.00000000000 0.00000000000 0.00000000000 0.00000000000 0.00000000000 0.00000000000 0.00000000000 0.00000000000 0.00000000000 0.00000000000 0.00000000000 0.00000000000 0.00000000000 0.00000000000 0.00000000000 0.00000000000 0.00000000000 0.00000000000 0.00000000000 0.00000000000 0.00000000000 0.00000000000 0.00000000000 0.00000000000 0.00000000000 0.00000000000 0.00000000000 0.00000000000 0.00000000000
# fish_slope_mn:
0.200442706717
# fish_slope_mo:
0.450000000000
# fish_fit_slope_mn:
0.449815306916
# fish_fit_sel50_mn:
96.0746319195
# fish_fit_slope_mo:
0.275000000000
# fish_fit_sel50_mo:
100.000000000
# fish_slope_mo2:
1.95000000000
# fish_sel50_mo2:
159.500000000
# fish_slope_mn2:
1.00500000000
# fish_sel50_mn2:
130.000000000
# fish_disc_slope_f:
0.249034008654
# fish_disc_sel50_f:
4.28982294858
# log_dev_50f:
 0.00000000000 0.00000000000 0.00000000000 0.00000000000 0.00000000000 0.00000000000 0.00000000000 0.00000000000 0.00000000000 0.00000000000 0.00000000000 0.00000000000 0.00000000000 0.00000000000 0.00000000000 0.00000000000 0.00000000000 0.00000000000 0.00000000000 0.00000000000 0.00000000000 0.00000000000 0.00000000000 0.00000000000
# fish_disc_slope_tf:
0.0859288516373
# fish_disc_sel50_tf:
108.800751082
# srv1_q:
0.625613107797
# srv1_q_f:
0.577333297245
# srv1_sel95:
63.7931648411
# srv1_sel50:
36.5119281951
# srv2_q:
0.482720250514
# srv2_q_f:
0.689654454220
# srv2_sel95:
63.5210317281
# srv2_sel50:
42.6645447645
# srv3_q:
0.784251699120
# srv3_sel95:
54.6663187655
# srv3_sel50:
37.4704042528
# srv3_q_f:
0.999999965227
# srv3_sel95_f:
48.7367437247
# srv3_sel50_f:
37.0729827412
# srvind_q:
0.999998748845
# srvind_q_f:
0.170113452358
# srvind_sel95_f:
57.1975084029
# srvind_sel50_f:
51.1884846344
# srv10ind_q:
0.938363327012
# srv10ind_q_f:
0.999999657127
# srv10ind_sel95_f:
26.4042645794
# srv10ind_sel50_f:
24.1180932646
# selsmo10ind:
 19.9997808452 19.9998515736 19.9999138473 19.9999300850 19.9998915951 19.9998550507 19.9997519977 19.9995760952 19.9993350292 19.9990454689 19.9987157760 19.9983553201 19.9979676056 19.9975571267 19.9971232502 19.9966661215 19.9961872731 19.9956869473 19.9951688082 19.9946396688 19.9941072265 19.9935746120
# selsmo09ind:
 -10.0597339298 -8.84372507173 -7.62812482730 -6.41688683957 -5.22504840790 -4.09644805007 -3.10520778571 -2.35767988003 -1.90142067222 -1.60677017103 -1.39871821447 -1.15973864442 -0.845799069291 -0.594174780593 -0.606127984265 -0.855257455306 -1.12828699109 -1.25568658269 -1.19058215430 -0.975160029807 -0.694077660045 -0.389764616786
# Mmult_imat:
1.14479817834
# Mmult:
1.11555724794
# Mmultf:
1.48177090803
# cpueq:
0.00145329111994
# proprecn:
1.00000000000
