# Number of parameters = 364 Objective function value = 7354.39375159519  Maximum gradient component = 0.00165405402200055
# af:
-0.353666260864
# am:
3.49314353923
# bf:
1.30731879773
# bm:
1.19636591479
# bf1:
1.00000000437
# deltaf:
38.1101629534
# st_gr:
0.500000000000
# growth_beta:
 0.750000000000 0.750000000000
# matest50f:
45.0000000000
# matestslpf:
0.275000000000
# matest50m:
85.0000000000
# matestslpm:
0.260000000000
# mateste:
 -5.10205172936 -4.54790377608 -3.99375584694 -3.44116808822 -2.90742382561 -2.43369890063 -2.05399667638 -1.77722328835 -1.61682845110 -1.51414616888 -1.45796713383 -1.48194353762 -1.48882675685 -1.32694419855 -0.928600314458 -0.357579811817 -1.68428115899e-009
# matestfe:
 -4.90816702388 -3.81397372615 -2.71978728449 -1.63617590288 -0.690079530907 -0.210585001204 -0.197225679235 -0.0699189881002
# moltp_af:
2.00000000000
# moltp_bf:
150.000000000
# moltp_am:
1.52000000000
# moltp_bm:
215.000000000
# moltp_ammat:
0.0500000000000
# moltp_bmmat:
105.000000000
# mean_log_rec_f:
13.4768998485
# mean_log_rec_m:
13.2874380335
# rec_devf:
 -1.16301847198 -0.126468822291 0.733041460513 2.19052647602 0.751090460377 0.482507548798 -0.404803902240 0.516803846089 0.429233229556 0.981248336000 0.989393579148 0.767608754096 -0.744403811385 -0.934467059179 -0.789937834663 -0.589345795770 -0.176238904908 -0.879637246104 -1.09728756827 -1.16416925738 0.0146923783366 0.902772625343 -0.179411103965 -0.0220569369583 -1.21195053653 -0.786092718159 1.38012696621 0.146645800809 -0.433947743519 -0.186793662489 -0.0780505118615 -0.534241104547 0.601600443002 1.40089568098 1.33332672237 -0.907897862888 -1.21129096209 -2.49047210555e-006
# rec_devm:
 1.05256007730 0.963026610450 1.19644530104 1.94868669598 1.14295864536 1.74232866566 -1.63750377028 -0.476786071545 -0.265428315739 2.25803443268 0.508537773577 -0.0632156372055 -1.42531334179 -1.89270945306 -1.56772450296 0.329908109238 0.0506667081621 -1.11995749057 -1.07335039082 0.00930570576830 0.757242351584 0.733404995630 0.411309956200 0.0658525734754 -1.44925439249 -1.09445032262 0.463224578931 -0.583964112086 -0.973078228327 -1.36835334952 -0.995967803628 -0.321155904509 1.22576634310 2.07198764584 1.21056952992 -0.872105334690 -0.961502350453 4.07240854045e-006
# alpha1_rec:
11.5000000000
# beta_rec:
4.00000000000
# mnatlen_styr:
 11.0886026131 11.2323060267 11.5781334242 12.0093808531 12.2897074794 12.2221386481 12.0203038584 11.7519297820 11.6309839940 11.5080711292 11.1068684229 10.8669707871 11.0383800303 10.6712048872 9.26098530200 7.97871038609 7.01051752203 6.33934031997 5.86483349070 5.51748667415 5.27527570686 5.14954548815
 1.90193783616 3.33423211646 4.76652109232 6.19873633392 7.62995181551 9.04693653173 10.2328970402 11.0406244803 11.4764367875 11.6613801864 11.7058010370 11.6856768913 11.6632393212 11.6251172753 11.4741590228 11.1387741627 10.4813850294 9.57606235877 8.50753943160 7.34494299277 6.14145493646 4.92812709287
# fnatlen_styr:
 9.31944950147 9.40330279845 9.72186772406 10.4241574872 11.9738947554 13.0317338622 12.3685602792 11.4131806019 10.3064158290 9.06471196781 8.26018179126 7.86377846154
 9.33245147516 9.46171679587 9.86135277984 10.8278473245 12.4439962351 13.0296829604 12.4867196190 11.4453302968 10.5172820448 9.25872400270 8.38785332558 7.95275143466
# log_avg_fmort:
-0.00835030628358
# fmort_dev:
 -0.905068611668 -1.47850877311 -0.812846688934 -0.310668609953 0.134898012016 0.941947179309 0.951332347314 0.633025643473 1.38031910175 1.53849670886 1.17563715640 0.627331060669 0.352659401833 0.204680394274 -0.216035955422 0.136458637711 0.287212934197 -1.03716259957 -0.994652058857 -0.295047154744 -0.451215876220 -1.02747101641 -1.10480107629 -0.469997567508 -0.370383185020 -0.0999536241297 -0.579532916476 -1.03854863829 -0.932707622863 -0.0482800886662 0.415685418599 0.549970912890 0.934037428238 0.879108794552 0.524561257762 0.409910303385 0.0956093709110
# log_avg_fmortdf:
-0.000102130515559
# fmortdf_dev:
 -0.306234432349 -0.291235491071 -0.182215291569 -0.112483607075 -0.0297280860903 -0.0725404131311 -0.269497367894 -0.284200538917 -0.205123534748 -0.0369204529495 0.624666942857 0.278426112098 0.0449465346464 -0.293707715992 0.196252727542 -0.238066880390 -0.119513028657 -0.0999022533487 -0.0757365574698 -0.0760608201959 -0.0636008876907 -0.0977090021794 -0.0859909497629 -0.130489725082 -0.184580967267 -0.147956031117 -0.150626311025 -0.120817192420 -0.142475004008 1.36849797056 -0.146856430799 0.183764347595 1.39306569143 0.286966118010 -0.0662011279212 -0.110277785912 -0.235838557712
# log_avg_fmortt:
-4.64719867619
# fmortt_dev_era1:
 -0.0375028140206 -0.117355599479 -0.218651110151 -0.266499568028 1.05140339285 -0.554326860964 0.0701779182213 -0.0206789090607 -0.459484177260 0.552917727888
# fmortt_dev_era2:
 0.665998017628 0.890701451013 1.97526986610 0.793244644812 -0.159604471045 0.0276374499698 0.0175954216933 0.0866358888415 0.153883507283 -0.0341760746442 -0.375004236841 0.517072974547 0.766472410445 -0.176529599023 0.642986992458 -0.235487477321 -0.630435281855 -0.166713769155 -0.836285050349 -0.728608298535 -0.417996784864 -0.482889024711 -0.430793943880 -0.358326422068 -0.390810078177 -0.465091271514 -0.648746840808
# discard_mult:
1.00000000000
# Fem_F_prop_constant:
0.500000050000
# log_avg_sel50_mn:
4.66018175356
# log_sel50_dev_mn:
 0.00000000000 0.00000000000 0.00000000000 0.00000000000 0.00000000000 0.00000000000 0.00000000000 0.00000000000 0.00000000000 0.00000000000 0.00000000000 0.00000000000 0.00000000000 0.00000000000 0.00000000000 0.00000000000 0.00000000000 0.00000000000 0.00000000000 0.00000000000 0.00000000000 0.00000000000 0.00000000000 0.00000000000 0.00000000000 0.00000000000 0.00000000000 0.00000000000 0.00000000000 0.00000000000 0.00000000000 0.00000000000 0.00000000000 0.00000000000 0.00000000000 0.00000000000 0.00000000000 0.00000000000
# log_avg_sel50_mo:
4.50000000000
# log_sel50_dev_mo:
 0.00000000000 0.00000000000 0.00000000000 0.00000000000 0.00000000000 0.00000000000 0.00000000000 0.00000000000 0.00000000000 0.00000000000 0.00000000000 0.00000000000 0.00000000000 0.00000000000 0.00000000000 0.00000000000 0.00000000000 0.00000000000 0.00000000000 0.00000000000 0.00000000000 0.00000000000 0.00000000000 0.00000000000 0.00000000000 0.00000000000 0.00000000000 0.00000000000 0.00000000000 0.00000000000 0.00000000000 0.00000000000 0.00000000000 0.00000000000 0.00000000000 0.00000000000 0.00000000000 0.00000000000
# fish_slope_mn:
0.201075136595
# fish_slope_mo:
0.450000000000
# fish_fit_slope_mn:
0.449549605604
# fish_fit_sel50_mn:
96.0591320907
# fish_fit_slope_mo:
0.275000000000
# fish_fit_sel50_mo:
100.000000000
# fish_slope_mo2:
1.95000000000
# fish_sel50_mo2:
159.500000000
# fish_slope_mn2:
1.00500000000
# fish_sel50_mn2:
130.000000000
# fish_disc_slope_f:
0.221101143313
# fish_disc_sel50_f:
4.58619677462
# log_dev_50f:
 0.00000000000 0.00000000000 0.00000000000 0.00000000000 0.00000000000 0.00000000000 0.00000000000 0.00000000000 0.00000000000 0.00000000000 0.00000000000 0.00000000000 0.00000000000 0.00000000000 0.00000000000 0.00000000000 0.00000000000 0.00000000000 0.00000000000 0.00000000000 0.00000000000 0.00000000000 0.00000000000 0.00000000000
# fish_disc_slope_tf:
0.0856854015299
# fish_disc_sel50_tf:
109.043033497
# srv1_q:
0.625613107797
# srv1_q_f:
0.577333297245
# srv1_sel95:
63.7931648411
# srv1_sel50:
36.5119281951
# srv2_q:
0.487621684611
# srv2_q_f:
0.702783810984
# srv2_sel95:
63.9984167158
# srv2_sel50:
42.8679620254
# srv3_q:
0.783023399224
# srv3_sel95:
54.6287862906
# srv3_sel50:
37.3824794228
# srv3_q_f:
0.999999961957
# srv3_sel95_f:
48.7297409316
# srv3_sel50_f:
37.0289550724
# srvind_q:
0.999998752144
# srvind_q_f:
0.172908764697
# srvind_sel95_f:
57.4400088996
# srvind_sel50_f:
51.3297196335
# srv10ind_q:
0.935909034415
# srv10ind_q_f:
0.999999712200
# srv10ind_sel95_f:
26.4042645794
# srv10ind_sel50_f:
24.1180932646
# selsmo10ind:
 19.9998540950 19.9851027246 19.9703517014 19.9555983359 19.9408452456 19.9260890091 19.9113319729 19.8965755426 19.8818196409 19.8670633580 19.8523077127 19.8375543895 19.8228023765 19.8080497833 19.7932966332 19.7785431754 19.7637879373 19.7490292826 19.7342673395 19.7195032519 19.7047379730 19.6899721315
# selsmo09ind:
 -10.0497201660 -8.83512539052 -7.62094413229 -6.41117303173 -5.22098584286 -4.09448870247 -3.10610836970 -2.36227741577 -1.91014308575 -1.61900204394 -1.41255372746 -1.17257407346 -0.855531420457 -0.599764983196 -0.607580193649 -0.853298027131 -1.12411638603 -1.25032328121 -1.18455697504 -0.968692431897 -0.687239135012 -0.382595955634
# Mmult_imat:
1.13834746358
# Mmult:
1.11679183401
# Mmultf:
1.47007525626
# cpueq:
0.00146612082236
# proprecn:
1.00000000000
