# Number of parameters = 364 Objective function value = 7350.55126905640  Maximum gradient component = 0.0292335714555429
# af:
-0.353168269608
# am:
3.48888814079
# bf:
1.30729099352
# bm:
1.19651378099
# bf1:
1.00000000438
# deltaf:
38.1166183896
# st_gr:
0.500000000000
# growth_beta:
 0.750000000000 0.750000000000
# matest50f:
45.0000000000
# matestslpf:
0.275000000000
# matest50m:
85.0000000000
# matestslpm:
0.260000000000
# mateste:
 -5.10065016807 -4.54573737825 -3.99082468316 -3.43746808614 -2.90293619896 -2.42836855630 -2.04760849867 -1.76913567534 -1.60608249754 -1.49951268724 -1.43863660692 -1.45891665732 -1.46380147145 -1.30197989220 -0.907625717932 -0.345134669355 -1.67590208378e-009
# matestfe:
 -4.90805788875 -3.81395352496 -2.71985611086 -1.63633823672 -0.690332039574 -0.210853790169 -0.197486611596 -0.0700909108621
# moltp_af:
2.00000000000
# moltp_bf:
150.000000000
# moltp_am:
1.52000000000
# moltp_bm:
215.000000000
# moltp_ammat:
0.0500000000000
# moltp_bmmat:
105.000000000
# mean_log_rec_f:
13.4755574956
# mean_log_rec_m:
13.3072830315
# rec_devf:
 -1.16623841537 -0.129928190296 0.729748993336 2.18595192520 0.743116154816 0.476949982049 -0.406747179535 0.514442451217 0.429155686113 0.982960513828 0.989183047070 0.767637702003 -0.743732279475 -0.932768712146 -0.786426940980 -0.584296474768 -0.170787479615 -0.875578550678 -1.09261411239 -1.15953731654 0.0209258831691 0.908105547290 -0.173886904525 -0.0242894653759 -1.21405501212 -0.787826295871 1.37573502509 0.146894489280 -0.436362275894 -0.187762942811 -0.0780663135916 -0.533573288942 0.602641871138 1.40049273877 1.33132343082 -0.908999910703 -1.21178743610 5.65330474831e-008
# rec_devm:
 1.04254329129 0.962064015492 1.18870936451 1.93861045676 1.14562333909 1.73974924337 -1.63488071514 -0.501467851901 -0.247144749221 2.26848736730 0.481759866028 -0.0616486105574 -1.41919373439 -1.88317308785 -1.56044290155 0.336472051405 0.0653635435935 -1.10756476923 -1.06063100352 0.0162595138964 0.776963610454 0.745041225855 0.469021916473 0.00839804100028 -1.48820897298 -1.12616239322 0.455885560216 -0.603002466055 -0.957142385690 -1.37236202790 -0.994660497933 -0.315580794830 1.23438580208 2.07172324936 1.21595725584 -0.870411249704 -0.959340486568 -1.57607366222e-008
# alpha1_rec:
11.5000000000
# beta_rec:
4.00000000000
# mnatlen_styr:
 11.0961019928 11.2386046629 11.5837873540 12.0170984160 12.3014705626 12.2363601463 12.0369163437 11.7719381907 11.6515103488 11.5260710091 11.1267805898 10.8894155855 11.0557905191 10.6764067624 9.26376147637 7.98070785064 7.01278630443 6.34178735999 5.86735792831 5.51995926791 5.27756336736 5.15167100604
 1.88780893592 3.32375323618 4.75969229459 6.19555922622 7.63044282318 9.05120666193 10.2408565147 11.0517394338 11.4897062753 11.6756845792 11.7204394683 11.7005451158 11.6784979655 11.6407553031 11.4894471305 11.1515562060 10.4904408856 9.58111542658 8.50915907960 7.34371771433 6.13768680153 4.92189795062
# fnatlen_styr:
 9.31364713588 9.39751462736 9.71609291168 10.4184824293 11.9684608866 13.0266872219 12.3640048772 11.4090764835 10.3027620208 9.06159094147 8.25767850003 7.86182163182
 9.32691315465 9.45609885688 9.85564939009 10.8221976959 12.4387647142 13.0252254131 12.4827018188 11.4415629417 10.5137518760 9.25567581317 8.38542012270 7.95087671654
# log_avg_fmort:
-0.0313784283093
# fmort_dev:
 -0.880257916826 -1.45909122832 -0.794540425223 -0.290849839224 0.157813516021 0.966857335438 0.975013447361 0.657094049435 1.40625908370 1.55661966293 1.17958233078 0.627246509965 0.348233072436 0.198830529830 -0.216660194882 0.135795311897 0.279834846977 -1.04664245094 -1.00451511960 -0.312630773848 -0.465268789268 -1.03142779959 -1.10597592780 -0.475307363390 -0.379706808259 -0.111885679305 -0.591721252596 -1.05190635986 -0.944986593485 -0.0572376600593 0.403147972496 0.545568280380 0.933709865166 0.869185975746 0.502518795145 0.388356138461 0.0889454583275
# log_avg_fmortdf:
-0.000102159506915
# fmortdf_dev:
 -0.304713719394 -0.289979419878 -0.181354828695 -0.111971488795 -0.0293681843492 -0.0715989567039 -0.267840524979 -0.282217074574 -0.203209216424 -0.0353256038581 0.626346468726 0.279052559064 0.0449287582199 -0.294148553005 0.195329521811 -0.239024047555 -0.120621093253 -0.100993681897 -0.0768021205174 -0.0770816052889 -0.0644484115543 -0.0983461087036 -0.0865768657622 -0.131227323432 -0.185843547339 -0.149326421664 -0.151771873473 -0.121636332661 -0.142961026822 1.36860709820 -0.146655506557 0.183877196032 1.39314810863 0.286959918471 -0.0663915507313 -0.110617567583 -0.236196973699
# log_avg_fmortt:
-4.64525668958
# fmortt_dev_era1:
 -0.0421262263649 -0.121779098049 -0.222060374576 -0.269333037029 1.05792906413 -0.560214170589 0.0714650504454 -0.0178024509962 -0.456022654161 0.559943897189
# fmortt_dev_era2:
 0.669613283844 0.888478343206 1.96711587851 0.783696456364 -0.165465097707 0.0225834746896 0.0108423371921 0.0770162742451 0.148298882261 -0.0313514932616 -0.369671090313 0.509457228393 0.756873660220 -0.173968336691 0.632592703399 -0.239521110784 -0.635843063039 -0.180362968827 -0.833258729105 -0.720198282844 -0.406230196758 -0.472328516604 -0.420028035110 -0.345068030619 -0.377242141602 -0.454002782980 -0.642028646075
# discard_mult:
1.00000000000
# Fem_F_prop_constant:
0.500000050000
# log_avg_sel50_mn:
4.66125985139
# log_sel50_dev_mn:
 0.00000000000 0.00000000000 0.00000000000 0.00000000000 0.00000000000 0.00000000000 0.00000000000 0.00000000000 0.00000000000 0.00000000000 0.00000000000 0.00000000000 0.00000000000 0.00000000000 0.00000000000 0.00000000000 0.00000000000 0.00000000000 0.00000000000 0.00000000000 0.00000000000 0.00000000000 0.00000000000 0.00000000000 0.00000000000 0.00000000000 0.00000000000 0.00000000000 0.00000000000 0.00000000000 0.00000000000 0.00000000000 0.00000000000 0.00000000000 0.00000000000 0.00000000000 0.00000000000 0.00000000000
# log_avg_sel50_mo:
4.50000000000
# log_sel50_dev_mo:
 0.00000000000 0.00000000000 0.00000000000 0.00000000000 0.00000000000 0.00000000000 0.00000000000 0.00000000000 0.00000000000 0.00000000000 0.00000000000 0.00000000000 0.00000000000 0.00000000000 0.00000000000 0.00000000000 0.00000000000 0.00000000000 0.00000000000 0.00000000000 0.00000000000 0.00000000000 0.00000000000 0.00000000000 0.00000000000 0.00000000000 0.00000000000 0.00000000000 0.00000000000 0.00000000000 0.00000000000 0.00000000000 0.00000000000 0.00000000000 0.00000000000 0.00000000000 0.00000000000 0.00000000000
# fish_slope_mn:
0.200126612597
# fish_slope_mo:
0.450000000000
# fish_fit_slope_mn:
0.448793606477
# fish_fit_sel50_mn:
96.0868599001
# fish_fit_slope_mo:
0.275000000000
# fish_fit_sel50_mo:
100.000000000
# fish_slope_mo2:
1.95000000000
# fish_sel50_mo2:
159.500000000
# fish_slope_mn2:
1.00500000000
# fish_sel50_mn2:
130.000000000
# fish_disc_slope_f:
0.220947627458
# fish_disc_sel50_f:
4.58640442826
# log_dev_50f:
 0.00000000000 0.00000000000 0.00000000000 0.00000000000 0.00000000000 0.00000000000 0.00000000000 0.00000000000 0.00000000000 0.00000000000 0.00000000000 0.00000000000 0.00000000000 0.00000000000 0.00000000000 0.00000000000 0.00000000000 0.00000000000 0.00000000000 0.00000000000 0.00000000000 0.00000000000 0.00000000000 0.00000000000
# fish_disc_slope_tf:
0.0850423691874
# fish_disc_sel50_tf:
109.488478070
# srv1_q:
0.625613107797
# srv1_q_f:
0.577333297245
# srv1_sel95:
63.7931648411
# srv1_sel50:
36.5119281951
# srv2_q:
0.480157979335
# srv2_q_f:
0.704703553579
# srv2_sel95:
63.9389732309
# srv2_sel50:
42.8376837883
# srv3_q:
0.761460628897
# srv3_sel95:
54.5912359480
# srv3_sel50:
37.3710908549
# srv3_q_f:
0.999999957663
# srv3_sel95_f:
48.7546053592
# srv3_sel50_f:
37.0397649872
# srvind_q:
0.999998676528
# srvind_q_f:
0.171574046430
# srvind_sel95_f:
57.4159625227
# srvind_sel50_f:
51.3102313178
# srv10ind_q:
0.999999949336
# srv10ind_q_f:
0.999999680805
# srv10ind_sel95_f:
26.4042645794
# srv10ind_sel50_f:
24.1180932646
# selsmo10ind:
 8.10235650823 7.46261203137 6.82295787737 6.18341528102 5.54348032839 4.90255971188 4.26483288661 3.64246429675 3.05155209338 2.51392519556 2.04733463049 1.66627258776 1.38030491251 1.18173258287 1.05468406671 0.980851345338 0.945956168369 0.937473235864 0.942440542710 0.951802777228 0.961965093591 0.972019760278
# selsmo09ind:
 -10.0427822077 -8.82835860265 -7.61435415510 -6.40481506942 -5.21507277825 -4.08955458759 -3.10313749684 -2.36286589499 -1.91648547212 -1.63368136558 -1.43754102142 -1.20807885891 -0.899792155125 -0.649619721487 -0.659862902949 -0.904666275513 -1.17146274898 -1.29265174080 -1.22159755456 -1.00035923606 -0.713607833096 -0.403654125281
# Mmult_imat:
1.13726380959
# Mmult:
1.12305748802
# Mmultf:
1.46896472220
# cpueq:
0.00143251395293
# proprecn:
1.00000000000
