# Number of parameters = 364 Objective function value = 7347.98851128780  Maximum gradient component = 0.0178470604698816
# af:
-0.530805287600
# am:
3.49465919097
# bf:
1.31483558809
# bm:
1.19635197460
# bf1:
1.00000001853
# deltaf:
38.3972985657
# st_gr:
0.500000000000
# growth_beta:
 0.750000000000 0.750000000000
# matest50f:
45.0000000000
# matestslpf:
0.275000000000
# matest50m:
85.0000000000
# matestslpm:
0.260000000000
# mateste:
 -5.09957852889 -4.54626485476 -3.99295127087 -3.44119568622 -2.90826295579 -2.43523403337 -2.05594902217 -1.77920576827 -1.61835230582 -1.51484781852 -1.45758600644 -1.48029149743 -1.48612806350 -1.32383878872 -0.925929963320 -0.355937859719 -1.68377400911e-009
# matestfe:
 -4.89519314525 -3.80012050436 -2.70505458809 -1.62041451901 -0.672538924420 -0.195433701463 -0.181413335463 -0.155325936482
# moltp_af:
2.00000000000
# moltp_bf:
150.000000000
# moltp_am:
1.52000000000
# moltp_bm:
215.000000000
# moltp_ammat:
0.0500000000000
# moltp_bmmat:
105.000000000
# mean_log_rec_f:
13.4847230860
# mean_log_rec_m:
13.2956704191
# rec_devf:
 -1.17897373545 -0.138307639186 0.720709498976 2.16921172186 0.802313093658 0.485134436157 -0.408989003010 0.516598056827 0.424779977719 0.964666075364 0.980029071571 0.771150376076 -0.733839974626 -0.926459661141 -0.779581080386 -0.577146592834 -0.176946387461 -0.877094189185 -1.09599863868 -1.16504086439 -0.00110743799193 0.891214353575 -0.157793524663 -0.0316840624906 -1.18721898434 -0.791327864662 1.36947181283 0.157765683786 -0.429540429331 -0.200333657832 -0.0865559217052 -0.531737602343 0.583788959652 1.39083249284 1.34668508411 -0.890201856395 -1.20847159808 1.11796550497e-008
# rec_devm:
 1.04570260564 0.963051552796 1.19271607267 1.94685310098 1.14128524762 1.74273132372 -1.63565850532 -0.481230152685 -0.265693133440 2.25860469607 0.511493731018 -0.0647726245695 -1.42274022695 -1.89122292192 -1.56781832275 0.329152016385 0.0542000326357 -1.11858608538 -1.07286242010 0.00743447486587 0.758090218110 0.733589216762 0.411814147265 0.0652665084645 -1.45128276052 -1.09798548705 0.461456535770 -0.582923245272 -0.973575774389 -1.36803136352 -0.996666404179 -0.322201007310 1.22588568831 2.07267843702 1.21911196255 -0.869258510200 -0.958608581212 -4.18925272483e-008
# alpha1_rec:
11.5000000000
# beta_rec:
4.00000000000
# mnatlen_styr:
 11.0936808812 11.2358499137 11.5803108328 12.0121265755 12.2949818233 12.2303758592 12.0305177981 11.7633082047 11.6428100445 11.5198625938 11.1186761093 10.8783082041 11.0485345767 10.6804022491 9.26874703348 7.98511432986 7.01655856736 6.34535975938 5.87104593682 5.52401365747 5.28209891302 5.15652778719
 1.88887784150 3.32475312620 4.76062316129 6.19642073452 7.63123076801 9.05189052646 10.2411206280 11.0512601061 11.4885017168 11.6741711622 11.7189542369 11.6990974524 11.6769971325 11.6391711786 11.4879346861 11.1516028775 10.4931669921 9.58697905705 8.51764328909 7.35421279713 6.14986208557 4.93566376269
# fnatlen_styr:
 9.32013225132 9.40450968197 9.72540448585 10.4278944190 11.9833406292 13.0479910477 12.3829853781 11.3560266789 10.2997355985 9.10301463678 8.37125549277 8.04987149195
 9.33699024226 9.46512283006 9.86247268042 10.8251991216 12.4365591811 13.0175540159 12.4841029748 11.5212203624 10.5601154089 9.31981871815 8.51548995491 8.15606572543
# log_avg_fmort:
-0.0134843950678
# fmort_dev:
 -0.910731131797 -1.48320752087 -0.818080666538 -0.317011603103 0.127457776090 0.934797470336 0.950480431304 0.636134031750 1.38488686042 1.54297300232 1.17816658178 0.628981461583 0.353826916283 0.205799500091 -0.214101254151 0.138456681933 0.287495057106 -1.03775806476 -0.995543480042 -0.297682517829 -0.452725131652 -1.02664016934 -1.10351203978 -0.469374142035 -0.369579037958 -0.0982158537773 -0.576959844660 -1.03519519526 -0.928929059229 -0.0447527262550 0.417830826685 0.551968705749 0.935724709226 0.878241147193 0.522088938219 0.408002732990 0.0966866079584
# log_avg_fmortdf:
-5.01769168394
# fmortdf_dev:
 -0.141066992834 -0.179176347139 -0.111098103904 -0.0723214546158 -0.0115147618608 -0.0715482543198 -0.278053877082 -0.291057652934 -0.210555926304 -0.0439504817046 0.610293227375 0.264630968462 0.0353191392693 -0.321363988957 0.137143948947 -0.293553506430 -0.185571247036 -0.157366493959 -0.122756887534 -0.109169758181 -0.0773190912500 -0.0816953569284 -0.0821050365949 -0.114100403673 -0.178287656506 -0.154140517639 -0.151165165220 -0.121157979807 -0.147930943599 1.36145654359 -0.137313369886 0.201175663897 1.38705504896 0.307409583607 -0.0735180440115 -0.130147253020 -0.255477571174
# log_avg_fmortt:
-4.63980646473
# fmortt_dev_era1:
 -0.0400736244787 -0.120620812862 -0.222059657210 -0.269308635401 1.04873753119 -0.552930432165 0.0722992945355 -0.0176282998434 -0.455464225198 0.557048861436
# fmortt_dev_era2:
 0.669199090416 0.892110390054 1.97564805485 0.794449198679 -0.157939992505 0.0288898451214 0.0176765613230 0.0848792894225 0.152209770258 -0.0354198264929 -0.375998185038 0.516453194961 0.765945009468 -0.176866874104 0.643177703676 -0.235263479584 -0.630139987456 -0.165967653704 -0.835948601635 -0.728348641254 -0.418174294887 -0.483109020979 -0.431191618317 -0.359078956787 -0.391822681920 -0.466127222586 -0.649241070983
# discard_mult:
1.00000000000
# Fem_F_prop_constant:
0.500000050000
# log_avg_sel50_mn:
4.66041683184
# log_sel50_dev_mn:
 0.00000000000 0.00000000000 0.00000000000 0.00000000000 0.00000000000 0.00000000000 0.00000000000 0.00000000000 0.00000000000 0.00000000000 0.00000000000 0.00000000000 0.00000000000 0.00000000000 0.00000000000 0.00000000000 0.00000000000 0.00000000000 0.00000000000 0.00000000000 0.00000000000 0.00000000000 0.00000000000 0.00000000000 0.00000000000 0.00000000000 0.00000000000 0.00000000000 0.00000000000 0.00000000000 0.00000000000 0.00000000000 0.00000000000 0.00000000000 0.00000000000 0.00000000000 0.00000000000 0.00000000000
# log_avg_sel50_mo:
4.50000000000
# log_sel50_dev_mo:
 0.00000000000 0.00000000000 0.00000000000 0.00000000000 0.00000000000 0.00000000000 0.00000000000 0.00000000000 0.00000000000 0.00000000000 0.00000000000 0.00000000000 0.00000000000 0.00000000000 0.00000000000 0.00000000000 0.00000000000 0.00000000000 0.00000000000 0.00000000000 0.00000000000 0.00000000000 0.00000000000 0.00000000000 0.00000000000 0.00000000000 0.00000000000 0.00000000000 0.00000000000 0.00000000000 0.00000000000 0.00000000000 0.00000000000 0.00000000000 0.00000000000 0.00000000000 0.00000000000 0.00000000000
# fish_slope_mn:
0.200908570792
# fish_slope_mo:
0.450000000000
# fish_fit_slope_mn:
0.449481977286
# fish_fit_sel50_mn:
96.0626896657
# fish_fit_slope_mo:
0.275000000000
# fish_fit_sel50_mo:
100.000000000
# fish_slope_mo2:
1.95000000000
# fish_sel50_mo2:
159.500000000
# fish_slope_mn2:
1.00500000000
# fish_sel50_mn2:
130.000000000
# fish_disc_slope_f:
0.249561713462
# fish_disc_sel50_f:
4.29164765960
# log_dev_50f:
 0.00000000000 0.00000000000 0.00000000000 0.00000000000 0.00000000000 0.00000000000 0.00000000000 0.00000000000 0.00000000000 0.00000000000 0.00000000000 0.00000000000 0.00000000000 0.00000000000 0.00000000000 0.00000000000 0.00000000000 0.00000000000 0.00000000000 0.00000000000 0.00000000000 0.00000000000 0.00000000000 0.00000000000
# fish_disc_slope_tf:
0.0853525071570
# fish_disc_sel50_tf:
109.364104343
# srv1_q:
0.625613107797
# srv1_q_f:
0.577333297245
# srv1_sel95:
63.7931648411
# srv1_sel50:
36.5119281951
# srv2_q:
0.481972105185
# srv2_q_f:
0.697497450645
# srv2_sel95:
63.6400673080
# srv2_sel50:
42.7249735336
# srv3_q:
0.778226240255
# srv3_sel95:
54.7942147823
# srv3_sel50:
37.4674667014
# srv3_q_f:
0.999999963067
# srv3_sel95_f:
48.7474742713
# srv3_sel50_f:
37.0619479862
# srvind_q:
0.999998746391
# srvind_q_f:
0.172895906171
# srvind_sel95_f:
57.4003309834
# srvind_sel50_f:
51.3060435798
# srv10ind_q:
0.933622495484
# srv10ind_q_f:
0.999999686298
# srv10ind_sel95_f:
26.4042645794
# srv10ind_sel50_f:
24.1180932646
# selsmo10ind:
 19.9994001196 19.9992109427 19.9990260863 19.9988579761 19.9987126496 19.9985941775 19.9985059665 19.9984509242 19.9984297338 19.9984442087 19.9984906066 19.9985669539 19.9986694754 19.9987932388 19.9989307035 19.9990755212 19.9992222889 19.9993630308 19.9994827266 19.9995636846 19.9996054241 19.9996391861
# selsmo09ind:
 -10.0518087106 -8.83707463538 -7.62275509204 -6.41285320696 -5.22255547934 -4.09598716396 -3.10760636315 -2.36392734657 -1.91215175871 -1.62155690893 -1.41577725525 -1.17643619109 -0.859803230295 -0.604105618745 -0.611664623462 -0.856744430739 -1.12653077009 -1.25160759385 -1.18473777523 -0.967816102663 -0.685349276921 -0.379723005619
# Mmult_imat:
1.14358155296
# Mmult:
1.11624509320
# Mmultf:
1.48157903918
# cpueq:
0.00145909477897
# proprecn:
1.00000000000
