# Number of parameters = 367 Objective function value = 7522.60777211956  Maximum gradient component = 0.000875453421615026
# af:
1.46188626404
# am:
3.67346114234
# bf:
1.23431501436
# bm:
1.19063406742
# bf1:
1.15108525751
# deltaf:
44.8619204892
# st_gr:
0.500000000000
# growth_beta:
 0.750000000000 0.750000000000
# matest50f:
45.0000000000
# matestslpf:
0.275000000000
# matest50m:
85.0000000000
# matestslpm:
0.260000000000
# mateste:
 -5.09500652562 -4.54367408806 -3.99234173274 -3.44269908527 -2.91189621876 -2.43884536720 -2.05563942765 -1.77236615788 -1.60996231396 -1.51862757189 -1.47588320643 -1.50668418171 -1.52615303565 -1.38806039480 -1.00437616667 -0.418358012224 -1.93568272522e-009
# matestfe:
 -5.12103471460 -3.97210981226 -2.82319023012 -1.68364532580 -0.679364451124 -0.165423193642 -0.159606808338 -0.0998218415367
# moltp_af:
2.00000000000
# moltp_bf:
150.000000000
# moltp_am:
1.52000000000
# moltp_bm:
215.000000000
# moltp_ammat:
0.0500000000000
# moltp_bmmat:
105.000000000
# mean_log_rec_f:
13.4852513655
# mean_log_rec_m:
13.2408850481
# rec_devf:
 -1.14549327891 -0.0772741336138 0.769374453713 2.21239603783 0.833906909485 0.415888462313 -0.363136085859 0.520115028942 0.525920762917 0.991649965064 1.03465776797 0.755291304043 -0.722722285616 -0.911720147183 -0.812326574020 -0.482090641873 -0.149140290763 -0.849438788064 -1.06477072593 -1.12754148653 0.0821039577308 0.885891307557 0.0421853375218 -0.159038844786 -1.06934213637 -0.689913015555 1.34475888789 0.103168518587 -0.528565517068 -0.269286004917 -0.249492435172 -0.608658631374 0.378936029586 1.40834669906 1.17645822040 -0.941152274030 -1.25653019556 -0.00341491891314 -1.23850856618e-006
# rec_devm:
 1.09239102072 1.02704751116 1.29672087898 1.94713535340 1.39951241355 1.74615457372 -1.60074227561 -0.491033962276 0.165698229685 2.35818602992 0.0286321586161 0.0983154096214 -1.42304695106 -1.82113622155 -1.42376244652 0.476806222155 0.0478607089618 -1.02363043817 -0.943872577833 0.184916034300 0.835386885571 0.787954823763 0.454278812972 0.0656584025602 -1.43116871773 -0.984951332094 0.531047721534 -0.548480291703 -1.00626204091 -1.44333631884 -0.705766015619 -1.31437280472 0.0286293774936 2.28637292801 1.07617050566 -0.859193672652 -0.911885917620 -0.00223186888212 -2.14856807222e-006
# alpha1_rec:
11.5000000000
# beta_rec:
4.00000000000
# mnatlen_styr:
 11.1505198649 11.2896866506 11.6309763284 12.0545290546 12.3323287979 12.2718556941 12.0724458357 11.7949500126 11.6557448449 11.5616627302 11.1801501434 10.8923233429 11.0557151228 10.8271427324 9.44782037809 8.14613015466 7.14944735403 6.45890407836 5.97317028467 5.62050160755 5.37692091926 5.25126422974
 1.86869792272 3.30930456969 4.74990599651 6.19043760738 7.63000796787 9.05562989889 10.2505577423 11.0669091736 11.5101232366 11.7009436616 11.7498043740 11.7329716713 11.7131452783 11.6767441263 11.5244827658 11.1981098294 10.5659705955 9.68804045164 8.64121302781 7.49488260272 6.30485053811 5.10421843349
# fnatlen_styr:
 9.39017018753 9.46855511423 9.77470622241 10.4761319192 12.0195309931 13.1265911352 12.4487388084 11.4573801184 10.3701617223 9.16471532815 8.43235230143 8.10873465474
 9.40694884564 9.53156899622 9.92245436032 10.8787292435 12.4796534060 13.0397740425 12.5284271139 11.5436450708 10.5989775037 9.36564163403 8.56745408224 8.20803504581
# log_avg_fmort:
-0.107713453293
# fmort_dev:
 -0.957381159249 -1.50621825154 -0.830035553488 -0.344286987849 0.0562129002543 0.835638951333 0.900266468143 0.630481630005 1.40694430836 1.54012995194 1.12258274197 0.595087890187 0.286191592746 0.110691945092 -0.249860397335 0.126773690819 0.289603048580 -1.02622204076 -0.999557740653 -0.327496507538 -0.493345924406 -1.04797208293 -1.11222387970 -0.496969063518 -0.425964521135 -0.147752306917 -0.591416871443 -1.02642704287 -0.908948132821 -0.0325730011265 0.395735375756 0.528569360374 0.899173677700 0.831271855084 0.533455458656 0.512855315061 0.910068466795 0.0129168364252
# log_avg_fmortdf:
-5.68285279446
# fmortdf_dev:
 -0.104902863193 -0.158057856419 -0.0877014053453 -0.0580651122410 -0.00597939907490 -0.104020071398 -0.295911101231 -0.293917220939 -0.201693489287 -0.0349513297434 0.613878360626 0.256961507311 0.0224037719122 -0.331372239859 0.131326246033 -0.292873045466 -0.187102331878 -0.159296008898 -0.125954426610 -0.109781298736 -0.0752238505727 -0.0755698681443 -0.0771288039946 -0.114594731694 -0.177294905268 -0.149934503714 -0.142988680594 -0.110076184299 -0.149755899210 1.37584002896 -0.109952363418 0.235227079687 1.45297029476 0.330810959107 -0.0473545675099 -0.108719682013 -0.222410145052 -0.306834862599
# log_avg_fmortt:
-4.82992022085
# fmortt_dev_era1:
 -0.0893013846041 -0.146635641097 -0.231078736567 -0.283339469953 1.05730018687 -0.590291817828 0.0765837215485 0.00419648718987 -0.422182122332 0.624748776768
# fmortt_dev_era2:
 0.726424741425 0.945017557867 2.00137008642 0.793918337831 -0.133911543325 0.0919083359047 0.0842465438399 0.116530166028 0.155419100514 -0.0645930540835 -0.403623770044 0.529208507733 0.793874682423 -0.204519207418 0.640026686276 -0.244796483613 -0.628245517045 -0.131512608495 -0.816342873310 -0.714891677181 -0.432792941534 -0.504857507697 -0.450122960639 -0.398127952259 -0.421905475099 -0.470234744108 -0.531607113841 -0.325859316571
# discard_mult:
1.00000000000
# Fem_F_prop_constant:
0.500000050000
# log_avg_sel50_mn:
4.65434880106
# log_sel50_dev_mn:
 0.00000000000 0.00000000000 0.00000000000 0.00000000000 0.00000000000 0.00000000000 0.00000000000 0.00000000000 0.00000000000 0.00000000000 0.00000000000 0.00000000000 0.00000000000 0.00000000000 0.00000000000 0.00000000000 0.00000000000 0.00000000000 0.00000000000 0.00000000000 0.00000000000 0.00000000000 0.00000000000 0.00000000000 0.00000000000 0.00000000000 0.00000000000 0.00000000000 0.00000000000 0.00000000000 0.00000000000 0.00000000000 0.00000000000 0.00000000000 0.00000000000 0.00000000000 0.00000000000 0.00000000000 0.00000000000
# log_avg_sel50_mo:
4.50000000000
# log_sel50_dev_mo:
 0.00000000000 0.00000000000 0.00000000000 0.00000000000 0.00000000000 0.00000000000 0.00000000000 0.00000000000 0.00000000000 0.00000000000 0.00000000000 0.00000000000 0.00000000000 0.00000000000 0.00000000000 0.00000000000 0.00000000000 0.00000000000 0.00000000000 0.00000000000 0.00000000000 0.00000000000 0.00000000000 0.00000000000 0.00000000000 0.00000000000 0.00000000000 0.00000000000 0.00000000000 0.00000000000 0.00000000000 0.00000000000 0.00000000000 0.00000000000 0.00000000000 0.00000000000 0.00000000000 0.00000000000 0.00000000000
# fish_slope_mn:
0.199919736743
# fish_slope_mo:
0.450000000000
# fish_fit_slope_mn:
0.468086718358
# fish_fit_sel50_mn:
96.2469656841
# fish_fit_slope_mo:
0.275000000000
# fish_fit_sel50_mo:
100.000000000
# fish_slope_mo2:
1.95000000000
# fish_sel50_mo2:
159.500000000
# fish_slope_mn2:
1.00500000000
# fish_sel50_mn2:
130.000000000
# fish_disc_slope_f:
0.270353882699
# fish_disc_sel50_f:
4.23762111029
# log_dev_50f:
 0.00000000000 0.00000000000 0.00000000000 0.00000000000 0.00000000000 0.00000000000 0.00000000000 0.00000000000 0.00000000000 0.00000000000 0.00000000000 0.00000000000 0.00000000000 0.00000000000 0.00000000000 0.00000000000 0.00000000000 0.00000000000 0.00000000000 0.00000000000 0.00000000000 0.00000000000 0.00000000000 0.00000000000 0.00000000000
# fish_disc_slope_tf:
0.0863554145836
# fish_disc_sel50_tf:
107.126882600
# srv1_q:
0.625613107797
# srv1_q_f:
0.577333297245
# srv1_sel95:
63.7931648411
# srv1_sel50:
36.5119281951
# srv2_q:
0.464855745866
# srv2_q_f:
0.658169609220
# srv2_sel95:
62.8863192621
# srv2_sel50:
42.5836506574
# srv3_q:
0.780731484592
# srv3_sel95:
54.1887255783
# srv3_sel50:
37.0794387385
# srv3_q_f:
0.999999971694
# srv3_sel95_f:
49.4042144025
# srv3_sel50_f:
37.4497511170
# srvind_q:
0.999998855776
# srvind_q_f:
0.140478002438
# srvind_sel95_f:
48.2097658055
# srvind_sel50_f:
47.7093509375
# srv10ind_q:
0.913955415345
# srv10ind_q_f:
0.999999799104
# srv10ind_sel95_f:
26.4042645794
# srv10ind_sel50_f:
24.1180932646
# selsmo10ind:
 19.9974187795 19.9972467705 19.9970770188 19.9969161792 19.9967704972 19.9966461695 19.9965507845 19.9964944665 19.9964850509 19.9965309404 19.9966329870 19.9967892020 19.9969985975 19.9972546530 19.9975459977 19.9978602171 19.9981851152 19.9985027932 19.9988078283 19.9990900929 19.9993546307 19.9996085564
# selsmo09ind:
 -10.0863114126 -8.86666518859 -7.64742454730 -6.43253408887 -5.23708133792 -4.10522501035 -3.11180322118 -2.36363310271 -1.90666056738 -1.60916849563 -1.39607984438 -1.15024752428 -0.828398478263 -0.571172283380 -0.586300116858 -0.853079912811 -1.15422965864 -1.30481028153 -1.25560639344 -1.04973240284 -0.773761683027 -0.472742459667
# Mmult_imat:
1.14047696866
# Mmult:
1.11292246855
# Mmultf:
1.48888433756
# cpueq:
0.00143597019646
# proprecn:
1.00000000000
