ParName   Value   Gradient
theta[4]      16.1324  0.000266406
theta[5]      9.75347   0.00260498
theta[13]    -0.151708 -1.5819e-006
theta[14]    -0.519157 -1.9156e-006
theta[15]     -0.17434 -2.41428e-006
theta[16]      0.55136 -1.86001e-006
theta[17]      1.19282 -4.43167e-006
theta[18]       1.6884 3.76086e-006
theta[19]       1.4634 -3.83253e-006
theta[20]      1.15697 -8.3704e-006
theta[21]      1.54894 -1.17292e-005
theta[22]      1.71409 -6.47749e-006
theta[23]      1.49664 -1.47938e-006
theta[24]      1.46145 2.03474e-005
theta[25]      1.66842 3.18353e-005
theta[26]      1.58144 3.82361e-005
theta[27]      1.27839 8.08707e-006
theta[28]     0.759578 7.99895e-007
theta[29]    0.0261786 8.66102e-007
theta[30]    -0.900554 -7.07522e-007
theta[31]     -1.71969 1.40261e-006
theta[32]     -1.86909 -3.12244e-006
theta[33]     -1.51914 5.66673e-007
theta[34]   -0.0145489 -6.53714e-007
theta[35]     0.157191 -5.99684e-007
theta[36]     0.494748 -6.94431e-007
theta[37]      1.32869 -3.84492e-006
theta[38]      1.99712 -3.17846e-006
theta[39]      3.93891  1.1465e-005
theta[40]    0.0202319 8.31111e-007
theta[41]     0.217865 7.81681e-008
theta[42]       1.7552 1.21006e-005
theta[43]      1.72811 1.55441e-005
theta[44]     0.345428 4.10019e-006
theta[45]     0.126806 3.52281e-006
theta[46]     0.744407  5.9036e-006
theta[47]    0.0684399 6.86111e-006
theta[48]    -0.976816 1.80567e-006
theta[49]     -1.37671 9.71637e-007
theta[50]      -1.5726 1.00875e-006
theta[51]     -1.67539 2.08597e-006
theta[52]     -1.77597 2.51999e-006
theta[53]     -2.01979 2.11355e-006
theta[54]     -1.53011 1.72995e-006
theta[55]     -1.51696 8.30712e-007
theta[56]  0.000141671 -5.94993e-007
theta[57]  0.000385065 -9.81541e-007
theta[58]    0.0044013 -4.50228e-007
theta[59]    0.0749951 -2.12147e-007
theta[60]       4.3285 -4.67485e-005
theta[61]    0.0358175 -9.39095e-007
theta[62]     0.033543 -1.78402e-007
theta[63]       5.2687 -0.000100645
theta[64]     0.261983 -1.62478e-007
theta[65]    -0.557238 -1.33138e-006
theta[66]    -0.588662 2.83256e-007
theta[67]     -0.47921 5.08166e-007
theta[68]    -0.431418 1.02982e-006
theta[69]    -0.394237 2.52417e-006
theta[70]    -0.361971 3.34868e-006
theta[71]    -0.447008 2.49107e-006
theta[72]    -0.456235 3.26682e-006
theta[73]    -0.464884 2.89703e-006
theta[74]    -0.472993 3.25432e-006
theta[75]    -0.482286   3.623e-006
theta[76]    -0.508456 4.33557e-006
theta[77]    -0.780588 5.05468e-006
theta[78]      0.11125 -3.08379e-007
theta[79]    0.0538383 -4.06139e-007
theta[80]    -0.108662 1.53009e-007
theta[81]     0.576368 -1.02052e-006
theta[82]      1.70931 -7.66749e-006
theta[83]      2.41094 -7.75029e-006
theta[84]       1.1622 7.75837e-006
theta[85]    -0.100649 1.21941e-007
theta[86]    -0.821581 -1.50686e-009
theta[87]     -1.30882    1.29e-006
theta[88]     -1.49272 1.30113e-006
theta[89]     -1.45623 7.87289e-007
theta[90]     -1.50606 1.08737e-006
theta[91]     -1.51323 1.23046e-006
theta[92]     -1.52702 9.94977e-007
theta[93]      -1.5447 -1.35717e-008
theta[94]     -1.55722 1.79177e-008
theta[95]     -1.56353 -1.3683e-007
theta[96]     -1.56628 -4.60949e-008
theta[97]     -1.56741 2.53691e-007
theta[98]     -1.56786 -9.62249e-008
theta[99]     -1.56814 2.88348e-007
Grwth[1]      2.12334  0.000113887
Grwth[2]    -0.218693 -0.000235611
Grwth[4]    -0.197609 -9.89977e-006
Grwth[5]    -0.299518 1.86289e-005
Grwth[10]    0.0295622 -8.24017e-006
Grwth[11]    0.0486049 -1.60892e-005
Grwth[12]    0.0788435 -1.74859e-005
Grwth[13]       0.1128 -1.61224e-005
Grwth[14]      0.16012 -1.88992e-005
Grwth[15]     0.167879 -1.96477e-005
Grwth[16]     0.194644 -2.12862e-005
Grwth[17]     0.227392 -1.89248e-005
Grwth[18]     0.211065 -1.07079e-005
Grwth[19]     0.185314 -1.86458e-006
Grwth[20]     0.204988 4.80651e-006
Grwth[21]     0.380513 5.33298e-006
Grwth[22]     0.822214 -5.60491e-006
Grwth[23]            1 -4.77593e-007
Grwth[30]     0.170258 5.48542e-007
Grwth[31]     0.136523 9.92974e-007
Grwth[32]      0.42637  3.6789e-006
Grwth[33]     0.782427 4.39812e-006
Grwth[34]     0.925185 2.46894e-006
Grwth[35]     0.962093 1.13505e-006
Grwth[36]     0.993655 -2.25513e-007
Grwth[37]      0.99836 5.39663e-007
Grwth[38]     0.998222 -1.88265e-007
Grwth[39]     0.996823 1.88697e-006
log_slx_pars[1]      4.64333  -0.00134678
log_slx_pars[2]      1.53688  0.000354261
log_slx_pars[3]      4.26652 5.40119e-005
log_slx_pars[4]     0.958498 -6.99001e-006
log_slx_pars[5]      4.54243 -6.44034e-005
log_slx_pars[6]      2.12643 9.04911e-006
log_slx_pars[7]      3.79041 1.30921e-005
log_slx_pars[8]        1.969 -8.08568e-006
log_slx_pars[9]      3.87692 -2.61074e-005
log_slx_pars[10]      1.13572 -4.96959e-006
log_slx_pars[11]      3.73858  1.2313e-006
log_slx_pars[12]      1.58246 7.55828e-007
log_slx_pars[13]       3.8711 1.07416e-005
log_slx_pars[14]      1.33115 1.19175e-005
log_slx_pars[15]     -3.96723 2.36431e-007
log_slx_pars[16]     -3.96723 5.85119e-007
log_slx_pars[17]     -3.96679 -7.81484e-007
log_slx_pars[18]     -3.95589 -1.29679e-006
log_slx_pars[19]     -3.92434 -1.05323e-006
log_slx_pars[20]     -3.76748 -1.47282e-006
log_slx_pars[21]     -3.39841 6.74572e-007
log_slx_pars[22]     -2.91574 1.13521e-006
log_slx_pars[23]     -2.46958 -9.43273e-007
log_slx_pars[24]     -2.02887 5.57205e-007
log_slx_pars[25]     -1.83007 -3.45697e-007
log_slx_pars[26]     -1.59443 2.86127e-007
log_slx_pars[27]     -1.15832 -1.28307e-007
log_slx_pars[28]    -0.827748 1.69885e-007
log_slx_pars[29]    -0.981279 -3.8594e-008
log_slx_pars[30]     -1.44223 5.68568e-007
log_slx_pars[31]     -1.63265 -1.55624e-007
log_slx_pars[32]     -1.69092 -2.40888e-006
log_slx_pars[33]     -1.61817 -1.62454e-006
log_slx_pars[34]     -1.41015    1.62e-006
log_slx_pars[35]     -1.28935  1.4437e-006
log_slx_pars[36]     -1.21451 1.80294e-006
log_slx_pars[37]     -2.62783 2.41236e-007
log_slx_pars[38]     -2.62832  1.4965e-006
log_slx_pars[39]     -2.75229 -1.68716e-006
log_slx_pars[40]     -3.19835 -2.57468e-007
log_slx_pars[41]     -3.38285 -6.32493e-007
log_slx_pars[42]     -2.45139 -7.22798e-009
log_slx_pars[43]     -1.92616  2.3566e-007
log_slx_pars[44]     -1.66447   5.637e-007
log_slx_pars[45]     -1.70319   1.139e-006
log_slx_pars[46]     -1.86703 2.40288e-006
log_slx_pars[47]     -1.92123 -1.30526e-006
log_slx_pars[48]      -1.9199 -1.47926e-007
log_slx_pars[49]     -1.91889 3.52848e-008
log_slx_pars[50]     -1.91873 -1.99921e-006
log_slx_pars[51]     -1.91866 -2.75908e-007
log_slx_pars[52]     -1.91863 6.24556e-007
log_slx_pars[53]     -1.91862 -1.09029e-006
log_slx_pars[54]     -1.91862  2.4888e-007
log_slx_pars[55]     -1.91861 1.40211e-006
log_slx_pars[56]     -1.91861 -5.29975e-008
log_slx_pars[57]     -1.91861 -1.01525e-006
log_slx_pars[58]     -1.91861 2.12337e-006
log_slx_pars[61] -4.25463e-006 -3.30251e-010
log_slx_pars[62] -1.20962e-007  4.9202e-007
log_slx_pars[63] -4.31802e-008 -2.43586e-006
log_slx_pars[64] -1.92475e-008 -6.64787e-006
log_slx_pars[65] -1.33439e-008 -1.56144e-005
log_slx_pars[66] -8.59527e-009 1.06479e-006
log_slx_pars[67]    -0.223731 -8.46176e-007
log_slx_pars[68]    -0.532154 -6.81924e-007
log_slx_pars[69]    -0.910699 -2.79657e-006
log_slx_pars[70]     -1.04303 -1.5031e-006
log_slx_pars[71]     -1.12753 1.77368e-006
log_slx_pars[72]     -1.17217 -4.9161e-009
log_slx_pars[73]     -1.00629 1.09374e-006
log_slx_pars[74]    -0.888598 -2.70282e-006
log_slx_pars[75]    -0.777499 5.28951e-007
log_slx_pars[76] -1.47005e-008 -1.3881e-005
log_slx_pars[77] -2.04206e-008 -4.20465e-006
log_slx_pars[78]     -1.16984 9.73482e-007
log_slx_pars[79]     -1.39771 -1.53681e-006
log_slx_pars[80]     -1.41832 -6.99329e-006
log_slx_pars[81]     -1.36775 2.54638e-006
log_slx_pars[82]     -1.33997 1.12786e-006
log_slx_pars[83]    -0.422752 -1.02733e-007
log_slx_pars[84]     -0.42373 -5.37778e-008
log_slx_pars[85]    -0.715317 1.16306e-007
log_slx_pars[86]    -0.942636 2.12997e-007
log_slx_pars[87]    -0.968378 2.36732e-007
log_slx_pars[88]     -0.83603 2.41702e-006
log_slx_pars[89]     -1.12191 2.89606e-007
log_slx_pars[90]     -1.27199 -3.31484e-007
log_slx_pars[91]     -1.17437 2.52731e-007
log_slx_pars[92]     -1.17319 -1.63532e-006
log_slx_pars[93]     -1.16827 -1.5679e-006
log_slx_pars[94]     -1.16667 -2.17109e-006
log_slx_pars[95]     -1.16633 2.83886e-007
log_slx_pars[96]     -1.16624 -7.15526e-007
log_slx_pars[97]      -1.1662 1.91283e-006
log_slx_pars[98]     -1.16618 -1.6417e-006
log_slx_pars[99]     -1.16617 2.31895e-006
log_slx_pars[100]     -1.16617 7.13082e-007
log_slx_pars[101]     -1.16617 -1.29173e-006
log_slx_pars[102]     -1.16617 5.55424e-007
log_slx_pars[103]     -1.16616 1.53589e-006
log_slx_pars[104]     -1.16616 -3.75647e-006
log_slx_pars[107]      4.57274   0.00223267
log_slx_pars[108]     0.429162 5.05331e-005
log_fbar[1]     -0.29671  0.000416246
log_fbar[2]     -5.39305 8.82265e-005
log_fdev[1](1)     -1.40478  1.3776e-005
log_fdev[1](2)     -1.42473 1.63341e-005
log_fdev[1](3)    -0.535339 1.31378e-005
log_fdev[1](4)    -0.189215 7.79303e-006
log_fdev[1](5)    0.0887781 3.30196e-006
log_fdev[1](6)     0.357553 1.76422e-005
log_fdev[1](7)     0.166526 3.44661e-005
log_fdev[1](8)    0.0622151  5.0614e-005
log_fdev[1](9)     0.746765 4.99612e-005
log_fdev[1](10)     0.816484 6.38248e-005
log_fdev[1](11)      1.09849 4.79776e-005
log_fdev[1](12)     0.743375 3.63113e-005
log_fdev[1](13)     0.469771 1.41612e-005
log_fdev[1](14)     0.243435 1.09818e-005
log_fdev[1](15)    0.0873623 4.30827e-007
log_fdev[1](16)     0.368541 -1.80655e-005
log_fdev[1](17)     0.419771 -4.82218e-005
log_fdev[1](18)      -1.0836 6.61316e-005
log_fdev[1](19)    -0.904639 7.05299e-005
log_fdev[1](20)   -0.0366174 5.54805e-005
log_fdev[1](21)    -0.276887  4.1313e-005
log_fdev[1](22)    -0.919811 2.80237e-005
log_fdev[1](23)    -0.864644 2.50497e-005
log_fdev[1](24)    -0.114718 1.39674e-005
log_fdev[1](25)    -0.194208 1.01842e-005
log_fdev[1](26)   -0.0441875 1.13718e-005
log_fdev[1](27)    -0.444814 1.08364e-005
log_fdev[1](28)    -0.936441 1.27249e-005
log_fdev[1](29)    -0.982473 1.53638e-005
log_fdev[1](30)    0.0668717 3.46888e-006
log_fdev[1](31)     0.516895 -2.6924e-005
log_fdev[1](32)     0.614796 -5.77656e-005
log_fdev[1](33)      1.03344 -7.1483e-005
log_fdev[1](34)      1.08617 -4.23205e-005
log_fdev[1](35)     0.582366 9.02572e-006
log_fdev[1](36)     0.522621 4.91993e-005
log_fdev[1](37)     0.264876 2.95402e-005
log_fdev[2](1)    -0.839889 -3.13359e-006
log_fdev[2](2)    -0.528537 1.96082e-006
log_fdev[2](3)    -0.383153 5.23077e-006
log_fdev[2](4)    -0.469981 4.15976e-006
log_fdev[2](5)      1.18545 6.83967e-006
log_fdev[2](6)     -4.74696 1.90002e-006
log_fdev[2](7)    -0.161041 2.17187e-006
log_fdev[2](8)    -0.173629 1.51484e-005
log_fdev[2](9)    -0.457861 5.63142e-006
log_fdev[2](10)     0.877675 8.82087e-006
log_fdev[2](11)      1.21096 5.08867e-006
log_fdev[2](12)      1.48019 8.58627e-007
log_fdev[2](13)      2.33049  4.0753e-006
log_fdev[2](14)      1.06704 -3.03725e-006
log_fdev[2](15)     0.259538 -6.79751e-006
log_fdev[2](16)     0.648152 -2.69685e-006
log_fdev[2](17)     0.585864  1.2505e-005
log_fdev[2](18)     0.428753 1.83066e-005
log_fdev[2](19)     0.585673 3.49739e-006
log_fdev[2](20)     0.558657 -1.53791e-006
log_fdev[2](21)   -0.0246061 2.69852e-006
log_fdev[2](22)      1.01411 2.62197e-006
log_fdev[2](23)      1.29916 -7.65567e-007
log_fdev[2](24)     0.427686 -3.32251e-006
log_fdev[2](25)      1.07084 6.59925e-007
log_fdev[2](26)     0.131433 4.51057e-006
log_fdev[2](27)     -0.56887 6.60849e-007
log_fdev[2](28)     0.141988 3.60997e-007
log_fdev[2](29)     -1.14768 7.26263e-006
log_fdev[2](30)    -0.831633 5.26016e-006
log_fdev[2](31)   -0.0865393 -6.14578e-006
log_fdev[2](32)    -0.545858 -1.2718e-005
log_fdev[2](33)   -0.0297341 -8.92535e-007
log_fdev[2](34)     0.350593 2.62411e-005
log_fdev[2](35)    -0.234748 8.04502e-006
log_fdev[2](36)     -1.73749 1.12831e-005
log_fdev[2](37)     -2.68606 5.99437e-006
log_foff[1]     -6.64599 -7.26816e-006
log_fdov[1](1)   -0.0848744 1.93524e-006
log_fdov[1](2)    -0.290966  6.6019e-007
log_fdov[1](3)    -0.792639 4.59869e-006
log_fdov[1](4)    -0.735405 -5.91005e-006
log_fdov[1](5)     0.157752 -6.07826e-006
log_fdov[1](6)    -0.056844  5.8837e-006
log_fdov[1](7)    -0.228393 1.78586e-005
log_fdov[1](8)     0.103181 2.36359e-005
log_fdov[1](9)    -0.222587 2.36089e-005
log_fdov[1](10)      0.22577 2.86651e-005
log_fdov[1](11)      1.06072 2.85572e-005
log_fdov[1](12)      1.15628 1.83429e-005
log_fdov[1](13)       1.0202 2.20066e-005
log_fdov[1](14)     -0.14478 1.11398e-005
log_fdov[1](15)      1.53558 3.21088e-006
log_fdov[1](16)     -1.11026 -4.80535e-007
log_fdov[1](17)    -0.626513 -4.07979e-006
log_fdov[1](18)     -1.52393 7.01238e-006
log_fdov[1](19)     -1.67554 4.91235e-006
log_fdov[1](20)     -2.79838 1.31461e-005
log_fdov[1](21)    -0.252775 5.83002e-006
log_fdov[1](22)     -1.24935 5.66764e-006
log_fdov[1](23)    -0.932224 2.16438e-006
log_fdov[1](24)    -0.721701 6.86172e-007
log_fdov[1](25)     -2.23966 1.14507e-006
log_fdov[1](26)     0.247634 3.91298e-006
log_fdov[1](27)     0.705429 7.44125e-006
log_fdov[1](28)       1.4694 3.94171e-006
log_fdov[1](29)     0.665929 -1.15157e-006
log_fdov[1](30)       2.4164 -1.89122e-005
log_fdov[1](31)    0.0161204 -3.46806e-005
log_fdov[1](32)     0.961295 -3.65146e-005
log_fdov[1](33)      1.71336 -2.55516e-005
log_fdov[1](34)       1.0501 -4.38219e-005
log_fdov[1](35)     0.578158 -4.14868e-005
log_fdov[1](36)     0.360695  -1.024e-005
log_fdov[1](37)     0.242806 -7.85843e-006
rec_dev_est(1982)      5.26898 4.42226e-005
rec_dev_est(1983)      3.48923 8.45923e-006
rec_dev_est(1984)      5.35278 5.56248e-005
rec_dev_est(1985)      7.99998 -2.05761e-008
rec_dev_est(1986)      5.16565 1.50704e-005
rec_dev_est(1987)      4.70354 1.74124e-005
rec_dev_est(1988)      3.59187 1.87277e-006
rec_dev_est(1989)     -7.99949 -2.65406e-007
rec_dev_est(1990)      4.59859 1.64914e-005
rec_dev_est(1991)      6.63246 7.12145e-005
rec_dev_est(1992)      5.26935 8.94328e-005
rec_dev_est(1993)      6.03657 1.50147e-005
rec_dev_est(1994)       3.2566 2.83838e-006
rec_dev_est(1995)      2.02902  1.5203e-005
rec_dev_est(1996)     -7.99996 2.31193e-006
rec_dev_est(1997)      4.11231 4.37494e-005
rec_dev_est(1998)      6.06137 8.33145e-006
rec_dev_est(1999)      4.21345  5.0044e-006
rec_dev_est(2000)      2.42003 3.79587e-006
rec_dev_est(2001)      4.07096 1.10469e-005
rec_dev_est(2002)      3.99854 7.12479e-006
rec_dev_est(2003)      6.53323 1.05428e-007
rec_dev_est(2004)      4.32399  2.2609e-005
rec_dev_est(2005)     -7.99989 -1.84398e-006
rec_dev_est(2006)     -7.99996 1.75342e-006
rec_dev_est(2007)      3.22092 -2.34584e-006
rec_dev_est(2008)      7.12902 -2.25986e-005
rec_dev_est(2009)       3.1736 2.82378e-005
rec_dev_est(2010)      4.88688 9.85606e-005
rec_dev_est(2011)      5.09327 2.67753e-007
rec_dev_est(2012)      2.94783 4.79823e-005
rec_dev_est(2013)      3.06325 2.02813e-005
rec_dev_est(2014)      5.37896 5.51495e-006
rec_dev_est(2015)      6.81551 -7.05252e-006
rec_dev_est(2016)      6.28465 -2.94979e-006
rec_dev_est(2017)      4.29208 2.49485e-006
rec_dev_est(2018)       5.3354 1.22218e-006
logit_rec_prop_est(1982)       2.2497 -0.000149557
logit_rec_prop_est(1983)      1.74199 -0.000200241
logit_rec_prop_est(1984)     0.690698 3.67582e-005
logit_rec_prop_est(1985)     -2.63028  0.000864065
logit_rec_prop_est(1986)     -1.66842 -0.000117105
logit_rec_prop_est(1987)      1.70554 -0.000191757
logit_rec_prop_est(1988)     0.308751 -0.000199419
logit_rec_prop_est(1989)     -0.73823 -0.000217217
logit_rec_prop_est(1990)      3.82603 -0.000198487
logit_rec_prop_est(1991)     -1.33977   0.00078616
logit_rec_prop_est(1992)     -0.24326  0.000656198
logit_rec_prop_est(1993)     -3.61303 -3.73687e-005
logit_rec_prop_est(1994)     -2.43841 -0.000139061
logit_rec_prop_est(1995)      1.60916 -0.000190515
logit_rec_prop_est(1996)    -0.736293  -0.00021704
logit_rec_prop_est(1997)      5.99239 -0.000215551
logit_rec_prop_est(1998)     -4.23104 -0.000164651
logit_rec_prop_est(1999)      -1.4693 -0.000165617
logit_rec_prop_est(2000)     0.147667 -0.000209638
logit_rec_prop_est(2001)      3.71268 -0.000211799
logit_rec_prop_est(2002)      2.77825 -0.000212664
logit_rec_prop_est(2003)     -2.49118 -7.98995e-005
logit_rec_prop_est(2004)      2.90178 -0.000190318
logit_rec_prop_est(2005)    -0.737417  -0.00021771
logit_rec_prop_est(2006)    -0.735695 -0.000217848
logit_rec_prop_est(2007)      4.08038 -0.000221031
logit_rec_prop_est(2008)     -3.33587   0.00100989
logit_rec_prop_est(2009)     -1.38785  0.000166959
logit_rec_prop_est(2010)     -2.10634   0.00135386
logit_rec_prop_est(2011)      -3.3686   0.00015206
logit_rec_prop_est(2012)      1.33792 -5.20106e-005
logit_rec_prop_est(2013)      1.48523  -0.00017436
logit_rec_prop_est(2014)     0.660913 -0.000108472
logit_rec_prop_est(2015)    -0.927893 -0.000167069
logit_rec_prop_est(2016)   -0.0890041 -0.000225875
logit_rec_prop_est(2017)     0.249162 -0.000216069
logit_rec_prop_est(2018)     -1.19033 -0.000216444
survey_q[1]     0.132922 8.77512e-006
survey_q[2]     0.362478 4.65955e-007
survey_q[3]     0.481429 -2.58123e-006
survey_q[4]     0.803655 -1.8118e-006
