ParName   Value   Gradient
theta[1]     0.354314 -0.000443225
theta[2]     0.345231 -7.26684e-005
theta[4]      16.0533  0.000525058
theta[5]      9.58348   0.00618866
theta[13]    -0.143646 -1.11209e-006
theta[14]    -0.461284 -2.51914e-006
theta[15]     -0.16493 -1.21368e-006
theta[16]     0.559517 -1.63184e-006
theta[17]      1.18721 -5.02908e-006
theta[18]      1.49993 -7.27339e-006
theta[19]      1.39375 -6.86957e-006
theta[20]      1.47879 -7.86698e-006
theta[21]      1.55163 -4.9462e-006
theta[22]      1.63917 -6.04669e-006
theta[23]      1.53132 -4.93028e-006
theta[24]      1.52827 3.81202e-007
theta[25]       1.6998 2.63381e-005
theta[26]      1.51437 2.56538e-005
theta[27]       1.2219 2.25446e-005
theta[28]     0.690763  1.7816e-005
theta[29]   -0.0769728 1.23432e-005
theta[30]     -1.00482 4.21497e-006
theta[31]     -1.78746 3.37199e-006
theta[32]     -1.83333 2.52461e-006
theta[33]      -1.4652 4.49241e-006
theta[34]   -0.0188104 -2.55457e-007
theta[35]     0.166325 2.88179e-006
theta[36]     0.389099 1.42538e-006
theta[37]     0.569194 8.83297e-007
theta[38]       3.9808 4.29685e-005
theta[39]      1.75743 3.84151e-006
theta[40]      2.20781 9.51675e-006
theta[41]      1.78205 1.13164e-005
theta[42]      1.70426  1.1411e-005
theta[43]      1.68294 1.93505e-005
theta[44]     0.193728 7.14937e-006
theta[45]    0.0553596 4.22979e-006
theta[46]     0.734812 1.10209e-005
theta[47]     0.015846 4.93579e-006
theta[48]     -1.01664 3.76516e-006
theta[49]     -1.39322 2.68238e-006
theta[50]     -1.56588 2.68944e-006
theta[51]     -1.66088  3.5196e-006
theta[52]     -1.78145 2.53729e-006
theta[53]     -2.05854 1.53918e-006
theta[54]      -1.5315 2.77026e-006
theta[55]     -1.52363 4.30696e-006
theta[56]  0.000194208 -8.78862e-007
theta[57]  0.000419725 -2.47763e-006
theta[58]   0.00360196 6.47273e-007
theta[59]    0.0675265 -4.03313e-006
theta[60]      4.37307 -0.000100768
theta[61]    0.0373708 -2.10246e-006
theta[62]    0.0352728 -1.68788e-006
theta[63]      5.30146 -0.000213804
theta[64]     0.275812 -6.60134e-007
theta[65]    -0.553806  5.9313e-007
theta[66]    -0.599321 2.01636e-006
theta[67]    -0.497549 3.49105e-006
theta[68]     -0.46389 3.55936e-006
theta[69]    -0.396526 4.18484e-006
theta[70]    -0.361181 6.33069e-006
theta[71]    -0.490608 3.46885e-006
theta[72]    -0.506681 5.08959e-006
theta[73]    -0.520362 5.39286e-006
theta[74]    -0.531843  7.3382e-006
theta[75]    -0.543652 9.75565e-006
theta[76]    -0.575384 6.49287e-006
theta[77]    -0.901969 6.38312e-006
theta[78]     0.135288 -2.29513e-006
theta[79]    0.0740902 -2.74657e-006
theta[80]    -0.149575 -8.25709e-007
theta[81]     0.540086 -2.51476e-006
theta[82]      1.62706 -3.43172e-006
theta[83]      2.30955 1.31959e-006
theta[84]      1.06496 4.20058e-006
theta[85]    -0.182882 1.52694e-006
theta[86]    -0.896652 3.02497e-006
theta[87]     -1.38087 4.05715e-007
theta[88]     -1.56646 1.56788e-006
theta[89]      -1.5335 2.03892e-006
theta[90]     -1.58473 2.20673e-006
theta[91]     -1.59387 2.66055e-006
theta[92]     -1.61216 2.90533e-006
theta[93]     -1.63577 2.50472e-006
theta[94]     -1.65237  2.2105e-006
theta[95]      -1.6607 2.64251e-006
theta[96]     -1.66431 2.48152e-006
theta[97]     -1.66579 2.76344e-006
theta[98]     -1.66637 2.80596e-006
theta[99]     -1.66675 2.95052e-006
Grwth[1]      2.09718  0.000463563
Grwth[2]    -0.220048 -0.000947521
Grwth[4]    -0.240554 6.08717e-005
Grwth[5]    -0.301464 -0.000204786
Grwth[10]    0.0324289 -1.85687e-005
Grwth[11]    0.0542973 -2.61374e-005
Grwth[12]    0.0892757 -3.45906e-005
Grwth[13]     0.126419 -4.21532e-005
Grwth[14]     0.178696 -4.51387e-005
Grwth[15]     0.185467 -4.21332e-005
Grwth[16]     0.213667 -4.82553e-005
Grwth[17]     0.250671 -4.83476e-005
Grwth[18]     0.229377 -3.51523e-005
Grwth[19]     0.196789 -2.43283e-005
Grwth[20]     0.220859 -1.28025e-005
Grwth[21]     0.413481 -1.34259e-005
Grwth[22]     0.829252 -8.74929e-006
Grwth[23]            1 4.83468e-006
Grwth[30]     0.219163 -1.20087e-006
Grwth[31]     0.181111 -2.54946e-006
Grwth[32]     0.521499 -1.10011e-005
Grwth[33]     0.819043 -1.5966e-005
Grwth[34]     0.939962 -3.69994e-005
Grwth[35]     0.968991 -4.05946e-005
Grwth[36]     0.994276 -1.24831e-005
Grwth[37]     0.998545 -4.5399e-006
Grwth[38]     0.998397 -2.89143e-006
Grwth[39]     0.997375 4.49874e-007
log_slx_pars[1]       4.6429  -0.00206797
log_slx_pars[2]      1.51323   0.00039908
log_slx_pars[3]      4.26609 -0.000604362
log_slx_pars[4]      0.95181 8.88487e-005
log_slx_pars[5]      4.54247 -0.000131264
log_slx_pars[6]      2.12527 2.45605e-005
log_slx_pars[7]      3.79708 -7.28602e-006
log_slx_pars[8]      2.01033  9.9434e-007
log_slx_pars[9]      3.87757 -1.8931e-005
log_slx_pars[10]      1.09847 -4.27499e-006
log_slx_pars[11]      3.71739 2.70299e-005
log_slx_pars[12]      1.55066 -2.9344e-006
log_slx_pars[13]      3.87586 -2.7301e-005
log_slx_pars[14]      1.29026 -9.81742e-006
log_slx_pars[15]     -3.92562 1.10803e-006
log_slx_pars[16]     -3.92562 1.28817e-006
log_slx_pars[17]     -3.92538 -2.08978e-006
log_slx_pars[18]     -3.91821 -7.89875e-007
log_slx_pars[19]     -3.89434 -1.70879e-007
log_slx_pars[20]     -3.75023 2.34175e-006
log_slx_pars[21]     -3.38985 -7.88254e-007
log_slx_pars[22]     -2.91217 -1.87056e-007
log_slx_pars[23]     -2.46605 -1.7323e-006
log_slx_pars[24]     -2.02598 -3.17797e-007
log_slx_pars[25]     -1.83247 -4.53611e-007
log_slx_pars[26]     -1.59427 -8.25142e-007
log_slx_pars[27]      -1.1539 -3.88625e-007
log_slx_pars[28]    -0.839905 1.31389e-006
log_slx_pars[29]     -1.00687  2.6967e-007
log_slx_pars[30]     -1.43286 -1.3784e-006
log_slx_pars[31]     -1.62482 -8.37214e-007
log_slx_pars[32]     -1.68866 -8.32931e-007
log_slx_pars[33]     -1.61624  9.8981e-007
log_slx_pars[34]     -1.40616 -1.59131e-006
log_slx_pars[35]     -1.28468 1.15233e-006
log_slx_pars[36]     -1.20987 5.80274e-007
log_slx_pars[37]     -2.98916 -4.71508e-007
log_slx_pars[38]     -2.98957 -2.70695e-007
log_slx_pars[39]     -3.10409 -1.62949e-006
log_slx_pars[40]     -3.54455 -5.17449e-007
log_slx_pars[41]      -3.6355 1.38482e-006
log_slx_pars[42]     -2.65284 -4.04174e-007
log_slx_pars[43]     -2.09534  2.6344e-007
log_slx_pars[44]     -1.82186 -1.21599e-006
log_slx_pars[45]     -1.84568 8.39888e-007
log_slx_pars[46]     -1.99387 1.62566e-006
log_slx_pars[47]      -2.0434 -5.09465e-007
log_slx_pars[48]     -2.04204 -2.99862e-007
log_slx_pars[49]     -2.04102 2.65318e-006
log_slx_pars[50]     -2.04085 -2.12756e-006
log_slx_pars[51]     -2.04078 -5.79766e-007
log_slx_pars[52]     -2.04074 2.20276e-006
log_slx_pars[53]     -2.04072 -1.73495e-006
log_slx_pars[54]     -2.04071 1.19309e-006
log_slx_pars[55]     -2.04071 1.65221e-007
log_slx_pars[56]      -2.0407 -3.68938e-006
log_slx_pars[57]      -2.0407 3.10633e-006
log_slx_pars[58]     -2.04069 -4.81996e-007
log_slx_pars[61] -4.51609e-006 -3.36703e-010
log_slx_pars[62] -1.23754e-007 -5.86018e-007
log_slx_pars[63] -4.0237e-008 -2.08074e-006
log_slx_pars[64] -1.72242e-008 -1.13803e-005
log_slx_pars[65] -1.20014e-008 -3.29387e-006
log_slx_pars[66] -8.07903e-009 2.67468e-006
log_slx_pars[67]    -0.218921 4.36664e-009
log_slx_pars[68]    -0.533834 3.57234e-006
log_slx_pars[69]    -0.920762 -4.14313e-006
log_slx_pars[70]     -1.05983 -1.63299e-006
log_slx_pars[71]      -1.1549  2.5573e-006
log_slx_pars[72]     -1.21002 1.27549e-006
log_slx_pars[73]      -1.0747 -9.31517e-007
log_slx_pars[74]     -1.04254 -2.71163e-006
log_slx_pars[75]      -1.1257 2.63058e-006
log_slx_pars[76]     -1.12754 1.05388e-006
log_slx_pars[77] -1.49534e-008 -3.00332e-006
log_slx_pars[78] -1.80359e-008 -6.9943e-005
log_slx_pars[79]     -1.04621 1.72335e-006
log_slx_pars[80]     -1.23139 -2.7969e-007
log_slx_pars[81]     -1.20392 -6.22942e-007
log_slx_pars[82]     -1.17259 -1.16143e-007
log_slx_pars[83]    -0.710146 8.40646e-008
log_slx_pars[84]    -0.710839 1.26939e-007
log_slx_pars[85]    -0.998924 1.83911e-007
log_slx_pars[86]      -1.1717 -2.80698e-007
log_slx_pars[87]     -1.03145 -5.7241e-008
log_slx_pars[88]    -0.844846 -1.38535e-006
log_slx_pars[89]      -1.1438 3.84799e-007
log_slx_pars[90]     -1.29203 -1.21321e-006
log_slx_pars[91]     -1.18412 -2.33863e-006
log_slx_pars[92]     -1.17935 6.59585e-007
log_slx_pars[93]     -1.17216 -1.05822e-006
log_slx_pars[94]     -1.16983 -9.12359e-007
log_slx_pars[95]     -1.16931 -9.6606e-007
log_slx_pars[96]     -1.16916 3.69041e-006
log_slx_pars[97]     -1.16909  -2.637e-007
log_slx_pars[98]     -1.16905 1.07871e-006
log_slx_pars[99]     -1.16903 -5.91895e-007
log_slx_pars[100]     -1.16902 -6.91554e-007
log_slx_pars[101]     -1.16901 -4.78026e-006
log_slx_pars[102]       -1.169 3.23196e-006
log_slx_pars[103]     -1.16899 6.48849e-007
log_slx_pars[104]     -1.16899 -1.21579e-007
log_slx_pars[107]      4.57178   0.00202963
log_slx_pars[108]     0.403715 4.52133e-005
log_fbar[1]    -0.158721   0.00114191
log_fbar[2]     -5.30126  0.000169642
log_fdev[1](1)     -1.34626  1.9762e-005
log_fdev[1](2)     -1.35039 2.23771e-005
log_fdev[1](3)    -0.478051 1.78154e-005
log_fdev[1](4)   -0.0919289 6.06296e-007
log_fdev[1](5)    0.0724721 -3.44519e-006
log_fdev[1](6)     0.357312 5.13632e-005
log_fdev[1](7)     0.157851 8.82508e-005
log_fdev[1](8)    0.0323469  0.000111783
log_fdev[1](9)     0.705348 7.44313e-005
log_fdev[1](10)     0.776331 8.68959e-005
log_fdev[1](11)      1.10475 8.53658e-005
log_fdev[1](12)     0.732872 7.11571e-005
log_fdev[1](13)     0.482682  0.000104124
log_fdev[1](14)     0.242717 6.77112e-005
log_fdev[1](15)    0.0429932 4.29595e-005
log_fdev[1](16)     0.314297 2.66167e-005
log_fdev[1](17)     0.382488 6.95383e-006
log_fdev[1](18)     -1.10268 2.98128e-005
log_fdev[1](19)    -0.884392 2.31167e-005
log_fdev[1](20)    0.0449945 2.48678e-005
log_fdev[1](21)    -0.240652 3.72398e-005
log_fdev[1](22)    -0.925668 4.89669e-005
log_fdev[1](23)    -0.865419 4.64338e-005
log_fdev[1](24)   -0.0934495 4.18798e-005
log_fdev[1](25)    -0.190571 4.16277e-005
log_fdev[1](26)   -0.0633692 4.27631e-005
log_fdev[1](27)    -0.480103 3.52119e-005
log_fdev[1](28)    -0.990453 1.55715e-005
log_fdev[1](29)     -1.03381 2.29173e-006
log_fdev[1](30)    0.0191769 1.08352e-005
log_fdev[1](31)     0.486615 1.09098e-005
log_fdev[1](32)     0.588273 1.40513e-006
log_fdev[1](33)     0.998995 -3.23743e-005
log_fdev[1](34)      1.10736 -4.10303e-005
log_fdev[1](35)     0.611149 4.77856e-005
log_fdev[1](36)     0.579132  0.000176676
log_fdev[1](37)     0.297039  0.000161056
log_fdev[2](1)    -0.773671 2.15824e-006
log_fdev[2](2)    -0.473383 1.48014e-006
log_fdev[2](3)    -0.336598 -3.06363e-006
log_fdev[2](4)    -0.409524 -2.5273e-006
log_fdev[2](5)      1.17114 1.28613e-006
log_fdev[2](6)     -4.75763 6.67959e-006
log_fdev[2](7)    -0.178119 1.42205e-005
log_fdev[2](8)    -0.206202 1.62403e-005
log_fdev[2](9)    -0.496702 1.89241e-005
log_fdev[2](10)      0.84347  1.9155e-005
log_fdev[2](11)      1.20183 1.46072e-005
log_fdev[2](12)        1.472 1.27025e-005
log_fdev[2](13)      2.33157 6.20972e-006
log_fdev[2](14)      1.04883 2.31268e-006
log_fdev[2](15)     0.222732 2.35324e-006
log_fdev[2](16)     0.613034  2.5299e-006
log_fdev[2](17)     0.569909 6.20177e-006
log_fdev[2](18)     0.435463 2.90017e-006
log_fdev[2](19)     0.643742 -1.13954e-006
log_fdev[2](20)     0.650397 1.23407e-006
log_fdev[2](21)    0.0170587 2.29051e-006
log_fdev[2](22)      1.03039 5.90228e-006
log_fdev[2](23)      1.32086 3.26193e-006
log_fdev[2](24)     0.452315 2.71771e-006
log_fdev[2](25)      1.07312 2.73313e-006
log_fdev[2](26)     0.122512 2.37925e-006
log_fdev[2](27)    -0.586669 1.42322e-006
log_fdev[2](28)     0.115993 3.51205e-006
log_fdev[2](29)     -1.17151 5.74521e-006
log_fdev[2](30)    -0.857951 4.73549e-006
log_fdev[2](31)    -0.121336 4.43529e-006
log_fdev[2](32)    -0.588376 3.27148e-006
log_fdev[2](33)   -0.0723227 9.89643e-006
log_fdev[2](34)     0.334886 8.70349e-006
log_fdev[2](35)    -0.240593 1.73022e-005
log_fdev[2](36)     -1.72428 1.73813e-005
log_fdev[2](37)     -2.67637 7.66188e-006
log_foff[1]     -6.90014  0.000261523
log_fdov[1](1)    0.0885573 4.77356e-006
log_fdov[1](2)    -0.210504 3.79105e-007
log_fdov[1](3)    -0.751287 5.68268e-006
log_fdov[1](4)    -0.789929 -2.58926e-006
log_fdov[1](5)     0.166226 -3.73059e-006
log_fdov[1](6)   -0.0464004 2.32278e-005
log_fdov[1](7)    -0.176627 4.10208e-005
log_fdov[1](8)     0.157932 4.44038e-005
log_fdov[1](9)    -0.201597 3.81621e-005
log_fdov[1](10)     0.191413 3.35685e-005
log_fdov[1](11)     0.923899 4.16802e-005
log_fdov[1](12)      1.06186 3.66501e-005
log_fdov[1](13)     0.971648 2.42207e-005
log_fdov[1](14)    -0.171919 1.98754e-005
log_fdov[1](15)      1.52556 1.40114e-005
log_fdov[1](16)     -1.14747 4.69361e-006
log_fdov[1](17)    -0.734179 8.23697e-006
log_fdov[1](18)     -1.70562 1.11255e-005
log_fdov[1](19)     -1.52943 3.17848e-006
log_fdov[1](20)     -2.45977 4.35408e-006
log_fdov[1](21)   -0.0255885 -2.31377e-006
log_fdov[1](22)      -1.2279 4.19853e-006
log_fdov[1](23)     -1.02551 5.59214e-006
log_fdov[1](24)    -0.787365 3.94771e-006
log_fdov[1](25)     -2.23029 2.27202e-006
log_fdov[1](26)     0.265334 2.68722e-006
log_fdov[1](27)     0.688671 3.76405e-006
log_fdov[1](28)      1.41552 9.58742e-007
log_fdov[1](29)     0.676954 -3.37217e-006
log_fdov[1](30)      2.46959 -2.06289e-006
log_fdov[1](31)    0.0402286 1.10235e-006
log_fdov[1](32)     0.962711 2.74443e-006
log_fdov[1](33)      1.70838 -6.8942e-007
log_fdov[1](34)     0.957947 -2.85633e-006
log_fdov[1](35)     0.428019 -6.68512e-006
log_fdov[1](36)     0.272613 5.85155e-006
log_fdov[1](37)     0.248308 5.51789e-006
rec_dev_est(1982)      5.23944  0.000151005
rec_dev_est(1983)      3.54519 4.09734e-005
rec_dev_est(1984)       5.2893  0.000146981
rec_dev_est(1985)      7.99997 3.12405e-006
rec_dev_est(1986)      4.89278 4.34314e-005
rec_dev_est(1987)      4.74349  0.000152889
rec_dev_est(1988)      3.66275 3.14772e-005
rec_dev_est(1989)     -7.99926 -3.72131e-008
rec_dev_est(1990)      4.61061 5.22244e-005
rec_dev_est(1991)      6.50383 6.35401e-005
rec_dev_est(1992)      5.49177 3.53982e-005
rec_dev_est(1993)      6.07823 1.88692e-005
rec_dev_est(1994)      3.55093 3.81663e-006
rec_dev_est(1995)      2.12013 8.94849e-006
rec_dev_est(1996)     -7.99996 -2.11233e-006
rec_dev_est(1997)      4.15172   0.00010513
rec_dev_est(1998)     -1.93761 2.70739e-007
rec_dev_est(1999)      5.84921 2.69598e-005
rec_dev_est(2000)       -7.988 -2.32581e-007
rec_dev_est(2001)      4.21547 5.10395e-005
rec_dev_est(2002)      3.99507 1.76456e-005
rec_dev_est(2003)      6.53445   1.312e-005
rec_dev_est(2004)      4.26197 1.72533e-005
rec_dev_est(2005)     -7.99991 -1.87698e-006
rec_dev_est(2006)      2.47994 1.16987e-005
rec_dev_est(2007)      2.74233 1.92349e-005
rec_dev_est(2008)      7.17718 4.88957e-005
rec_dev_est(2009)     -7.95408 -2.35951e-006
rec_dev_est(2010)      4.79089  0.000141042
rec_dev_est(2011)      4.99221 4.81423e-005
rec_dev_est(2012)      2.94904  0.000123884
rec_dev_est(2013)      3.00668 4.60151e-005
rec_dev_est(2014)      5.43222 2.96173e-005
rec_dev_est(2015)      6.67904 6.70898e-007
rec_dev_est(2016)      6.37852 -1.05382e-006
rec_dev_est(2017)      4.07819 -3.3932e-007
rec_dev_est(2018)      5.47623 -1.05956e-006
logit_rec_prop_est(1982)      2.21896 -5.94749e-005
logit_rec_prop_est(1983)      1.70177 -0.000245809
logit_rec_prop_est(1984)     0.944365  0.000324907
logit_rec_prop_est(1985)     -2.59263    0.0033754
logit_rec_prop_est(1986)     -1.52924   0.00010963
logit_rec_prop_est(1987)       1.7686 6.64682e-005
logit_rec_prop_est(1988)    0.0469534 -0.000114024
logit_rec_prop_est(1989)     -1.08204 -0.000314799
logit_rec_prop_est(1990)      3.47404 -0.000307475
logit_rec_prop_est(1991)     -1.17575  0.000178224
logit_rec_prop_est(1992)    -0.557344 -2.07962e-005
logit_rec_prop_est(1993)     -3.66876  -0.00026294
logit_rec_prop_est(1994)     -2.69484 -0.000286181
logit_rec_prop_est(1995)      1.49579 -0.000288091
logit_rec_prop_est(1996)     -1.08071 -0.000314931
logit_rec_prop_est(1997)      5.82258 -0.000320938
logit_rec_prop_est(1998)     -1.09699 -0.000317116
logit_rec_prop_est(1999)     -2.80436 3.52186e-005
logit_rec_prop_est(2000)      -1.0821 -0.000316088
logit_rec_prop_est(2001)       2.7983 -0.000281257
logit_rec_prop_est(2002)      1.25407 -0.000266712
logit_rec_prop_est(2003)     -2.33133 -0.000159473
logit_rec_prop_est(2004)      2.72471 -0.000304329
logit_rec_prop_est(2005)     -1.08144 -0.000319682
logit_rec_prop_est(2006)      4.18017 -0.000317858
logit_rec_prop_est(2007)       3.5443 -0.000312758
logit_rec_prop_est(2008)     -3.18744   0.00103765
logit_rec_prop_est(2009)     -1.08219 -0.000318896
logit_rec_prop_est(2010)      -1.8112   0.00158554
logit_rec_prop_est(2011)     -3.58013  0.000425489
logit_rec_prop_est(2012)      1.38534 9.38863e-007
logit_rec_prop_est(2013)      1.38255 -0.000216293
logit_rec_prop_est(2014)     0.421962  -0.00013473
logit_rec_prop_est(2015)    -0.888868 -0.000340807
logit_rec_prop_est(2016)    -0.320339 -0.000359942
logit_rec_prop_est(2017)   -0.0702315 -0.000315808
logit_rec_prop_est(2018)     -1.44658 -0.000322498
m_mat_mult[1] -0.000447232   -0.0018286
m_mat_mult[2]    0.0702793 -0.000141196
survey_q[1]      0.12951 1.48173e-005
survey_q[2]     0.315678 1.65863e-005
survey_q[3]     0.535411 2.01498e-006
survey_q[4]     0.856729 -2.79467e-005
