ParName   Value   Gradient
theta[1]     0.337443 -0.000110315
theta[2]     0.365399 -4.52523e-006
theta[4]      16.3239 2.63401e-006
theta[5]      12.5504   0.00133545
theta[13]    -0.180003 -8.92428e-007
theta[14]    -0.530168 2.38594e-007
theta[15]    -0.224739 7.59311e-008
theta[16]     0.516862 -1.71933e-007
theta[17]      1.16983  6.8732e-008
theta[18]      1.47919 -1.68859e-007
theta[19]      1.39143 -1.36908e-008
theta[20]      1.47624 -3.26363e-007
theta[21]      1.56491 -2.65143e-007
theta[22]      1.65867 1.24938e-007
theta[23]      1.52257 1.12441e-007
theta[24]      1.50199 3.35943e-007
theta[25]      1.60767 8.87651e-007
theta[26]     0.891421 -1.00106e-007
theta[27]      1.31254 -4.14024e-007
theta[28]     0.990354 -8.69661e-007
theta[29]     0.352089 -1.54605e-007
theta[30]    -0.574023 -7.5971e-007
theta[31]     -1.44982 5.69271e-008
theta[32]     -2.21516  -1.524e-007
theta[33]     -1.41791 3.46963e-007
theta[34]   -0.0160736 -2.75144e-007
theta[35]     0.162265 7.33976e-007
theta[36]     0.325534 -1.49715e-007
theta[37]     0.540068 -5.45708e-007
theta[38]      3.84529 2.32723e-006
theta[39]      1.69671 1.35149e-007
theta[40]      2.05136 4.88213e-007
theta[41]      1.45636 -7.89503e-008
theta[42]      1.70626 3.17658e-007
theta[43]      1.68107 -2.06815e-008
theta[44]   -0.0554487 -3.81752e-007
theta[45]   -0.0870277 3.39157e-008
theta[46]     0.743882 3.23374e-007
theta[47]     0.189543 -4.65984e-007
theta[48]    -0.685677 -5.21595e-007
theta[49]     -1.21467 -1.21379e-007
theta[50]     -1.49834 -2.31973e-007
theta[51]     -1.63469 -2.30872e-007
theta[52]      -1.7193 -3.19175e-007
theta[53]     -1.92328 -1.81864e-007
theta[54]     -2.16104  5.1736e-007
theta[55]     -1.48559 -1.53315e-008
theta[56]  0.000199611 2.79582e-007
theta[57]  0.000365642 -7.20574e-007
theta[58]   0.00399383 -3.93898e-007
theta[59]    0.0745931 4.62284e-007
theta[60]      4.31834 -2.38309e-007
theta[61]    0.0389225 3.46155e-007
theta[62]      0.03488 -3.28177e-007
theta[63]      5.26074 -1.64849e-006
theta[64]     0.257315 -1.8943e-007
theta[65]    -0.573378 -3.91322e-007
theta[66]    -0.611424 8.43893e-007
theta[67]    -0.508493 -5.61347e-007
theta[68]    -0.441892 5.99962e-007
theta[69]    -0.391602 -2.32476e-007
theta[70]    -0.362799 6.99645e-007
theta[71]    -0.464607 -5.46275e-007
theta[72]    -0.471396 -4.29048e-007
theta[73]    -0.477683 -4.79509e-008
theta[74]    -0.483966 -2.0045e-007
theta[75]    -0.492291 4.25902e-007
theta[76]    -0.519156 2.26804e-007
theta[77]    -0.805417 -9.66061e-008
theta[78]     0.144841 4.15783e-007
theta[79]    0.0877401  -5.766e-007
theta[80]    -0.145495 -3.8622e-007
theta[81]     0.429676 1.11486e-006
theta[82]      1.60552 -4.44434e-007
theta[83]      2.32218 -4.8797e-007
theta[84]      1.07301 -3.24907e-007
theta[85]    -0.171303 -1.00812e-007
theta[86]    -0.881377 -1.37987e-007
theta[87]     -1.36701 -5.19475e-007
theta[88]     -1.55189 -3.39226e-008
theta[89]     -1.51659 9.11613e-008
theta[90]     -1.56664 -3.45043e-007
theta[91]     -1.57424  4.0366e-007
theta[92]     -1.58928 -4.23643e-007
theta[93]     -1.60867 4.94934e-007
theta[94]     -1.62242 -1.59643e-007
theta[95]     -1.62935 -7.69683e-007
theta[96]     -1.63236 7.22655e-007
theta[97]      -1.6336 -4.59918e-007
theta[98]     -1.63409 6.19184e-009
theta[99]      -1.6344 4.21834e-007
Grwth[1]      2.06525 6.73334e-005
Grwth[2]    -0.221633  -0.00013421
Grwth[4]    -0.197714 1.11454e-005
Grwth[5]    -0.299496 -2.64401e-005
Grwth[10]    0.0349717 -4.51901e-006
Grwth[11]     0.058765 -6.03577e-006
Grwth[12]    0.0946662 -7.80301e-006
Grwth[13]     0.135774 -9.24293e-006
Grwth[14]     0.191251 -9.92212e-006
Grwth[15]     0.198013 -9.45912e-006
Grwth[16]     0.224717 -1.03378e-005
Grwth[17]     0.260592 -8.71108e-006
Grwth[18]     0.244078 -4.43946e-006
Grwth[19]     0.205268 -2.51649e-006
Grwth[20]     0.226987 -3.53662e-007
Grwth[21]     0.454595 -4.39239e-006
Grwth[22]     0.839389 -1.38361e-006
Grwth[23]            1  7.0789e-007
Grwth[30]     0.188218 1.32373e-009
Grwth[31]     0.162569 -1.00127e-006
Grwth[32]     0.461699 3.65534e-007
Grwth[33]     0.817834 -1.05124e-006
Grwth[34]     0.938067 -3.05623e-006
Grwth[35]     0.965218 -2.69654e-006
Grwth[36]     0.995275 -1.09862e-006
Grwth[37]     0.998708 1.13205e-006
Grwth[38]     0.998534 7.23504e-007
Grwth[39]      0.99744 2.57336e-007
log_slx_pars[1]      4.62493 -0.000353542
log_slx_pars[2]      1.72921 7.86158e-005
log_slx_pars[3]        4.262 -2.05097e-005
log_slx_pars[4]     0.947173   2.726e-006
log_slx_pars[5]      4.51257 -3.00001e-005
log_slx_pars[6]      2.10725 7.40095e-006
log_slx_pars[7]      3.74877 -3.53574e-007
log_slx_pars[8]      1.93179 6.61202e-007
log_slx_pars[9]      3.87545 -2.11555e-006
log_slx_pars[10]      1.10025 1.88948e-007
log_slx_pars[11]      3.71888 7.42016e-006
log_slx_pars[12]      1.58111 -1.41497e-007
log_slx_pars[13]      3.87743 4.87871e-006
log_slx_pars[14]      1.33805 -5.66956e-006
log_slx_pars[15]     -3.92059 4.58589e-007
log_slx_pars[16]      -3.9206 1.83382e-007
log_slx_pars[17]     -3.92038 -9.74662e-007
log_slx_pars[18]     -3.91371 -1.82462e-007
log_slx_pars[19]     -3.88895 1.26209e-006
log_slx_pars[20]     -3.74073 1.03713e-006
log_slx_pars[21]      -3.3832  4.6637e-007
log_slx_pars[22]     -2.90865 -1.7039e-006
log_slx_pars[23]       -2.464 -2.08243e-006
log_slx_pars[24]     -2.01723 4.69973e-007
log_slx_pars[25]     -1.81671 1.08096e-006
log_slx_pars[26]     -1.58776 7.08589e-007
log_slx_pars[27]     -1.13648 -2.30666e-006
log_slx_pars[28]    -0.817261 1.76651e-007
log_slx_pars[29]     -1.01574 1.07093e-006
log_slx_pars[30]     -1.44963 4.76535e-007
log_slx_pars[31]     -1.67622 8.06109e-007
log_slx_pars[32]     -1.76528 7.84919e-007
log_slx_pars[33]     -1.70266 -9.50271e-007
log_slx_pars[34]     -1.49605 -1.9481e-006
log_slx_pars[35]     -1.37796 1.36144e-006
log_slx_pars[36]     -1.30317 -3.1451e-007
log_slx_pars[37]      -2.9284 -5.02904e-007
log_slx_pars[38]     -2.92886 9.19255e-007
log_slx_pars[39]     -3.05082 3.75636e-007
log_slx_pars[40]     -3.50011 3.80826e-007
log_slx_pars[41]      -3.6688 -3.5169e-007
log_slx_pars[42]     -2.71704 -3.67361e-007
log_slx_pars[43]     -2.17636 -5.00792e-007
log_slx_pars[44]     -1.89006 -2.31586e-007
log_slx_pars[45]     -1.91456 1.27989e-006
log_slx_pars[46]     -2.07953   1.439e-006
log_slx_pars[47]     -2.13763 -1.0145e-006
log_slx_pars[48]     -2.13638 -1.11854e-006
log_slx_pars[49]      -2.1354 4.55729e-007
log_slx_pars[50]     -2.13525 -6.31237e-007
log_slx_pars[51]     -2.13518 1.40365e-006
log_slx_pars[52]     -2.13515 1.29908e-006
log_slx_pars[53]     -2.13514 -1.05811e-006
log_slx_pars[54]     -2.13513 1.22727e-006
log_slx_pars[55]     -2.13512 -9.92372e-007
log_slx_pars[56]     -2.13512 -1.7815e-006
log_slx_pars[57]     -2.13512 2.53582e-006
log_slx_pars[58]     -2.13511 -5.21236e-007
log_slx_pars[61] -5.17626e-006 8.83452e-011
log_slx_pars[62] -1.4149e-007 3.04786e-006
log_slx_pars[63] -4.27093e-008  1.5693e-007
log_slx_pars[64] -1.80003e-008 -5.1317e-006
log_slx_pars[65] -1.23783e-008  -9.968e-007
log_slx_pars[66] -8.48063e-009 -1.14037e-005
log_slx_pars[67]    -0.257676  9.5768e-008
log_slx_pars[68]    -0.581156 -2.82963e-007
log_slx_pars[69]     -0.96563 6.53662e-007
log_slx_pars[70]      -1.0972 1.34966e-006
log_slx_pars[71]     -1.18876 -3.78397e-007
log_slx_pars[72]     -1.25183  1.4148e-006
log_slx_pars[73]     -1.11444 -7.32889e-007
log_slx_pars[74]     -1.07806 1.80442e-007
log_slx_pars[75]     -1.16277 -5.70781e-007
log_slx_pars[76]     -1.14972 -1.30153e-007
log_slx_pars[77] -1.67288e-008 4.82759e-006
log_slx_pars[78] -1.99302e-008 -1.38661e-006
log_slx_pars[79]     -1.08467 -1.86499e-006
log_slx_pars[80]     -1.27778 -1.43545e-007
log_slx_pars[81]      -1.2589 1.99067e-006
log_slx_pars[82]     -1.23193 -8.90161e-007
log_slx_pars[83]    -0.777897 1.50327e-007
log_slx_pars[84]    -0.778582 1.06759e-007
log_slx_pars[85]      -1.0666 -1.74362e-006
log_slx_pars[86]     -1.23788 -9.96465e-008
log_slx_pars[87]     -1.17425 9.15286e-008
log_slx_pars[88]     -1.24606 6.73891e-007
log_slx_pars[89]    -0.745871 1.69015e-006
log_slx_pars[90]     -1.23754 1.01059e-006
log_slx_pars[91]      -1.1609 7.42744e-007
log_slx_pars[92]     -1.16124 -7.79703e-007
log_slx_pars[93]     -1.15227 6.47341e-007
log_slx_pars[94]     -1.14938 -2.40034e-007
log_slx_pars[95]     -1.14879  1.5789e-007
log_slx_pars[96]     -1.14863 1.69186e-007
log_slx_pars[97]     -1.14855 -4.73918e-007
log_slx_pars[98]     -1.14851 3.64452e-007
log_slx_pars[99]     -1.14849 -8.53615e-008
log_slx_pars[100]     -1.14848 4.44869e-008
log_slx_pars[101]     -1.14847 -6.05049e-007
log_slx_pars[102]     -1.14846 8.89771e-007
log_slx_pars[103]     -1.14845 -1.72934e-007
log_slx_pars[104]     -1.14845 -1.24045e-007
log_slx_pars[107]      4.55238  0.000299189
log_slx_pars[108]     0.128513 7.90115e-006
log_fbar[1]    -0.735342  0.000187541
log_fbar[2]     -5.67427 4.25727e-005
log_fdev[1](1)     -1.39758 -6.65885e-007
log_fdev[1](2)      -1.4261 -6.66268e-007
log_fdev[1](3)    -0.552511 -6.30327e-007
log_fdev[1](4)    -0.159802 -8.88694e-007
log_fdev[1](5)   -0.0338913 -8.28988e-007
log_fdev[1](6)     0.243965  1.5276e-006
log_fdev[1](7)     0.155889  3.2106e-006
log_fdev[1](8)    0.0958951  4.4123e-006
log_fdev[1](9)     0.796935 1.78347e-006
log_fdev[1](10)      0.87378 -9.37757e-007
log_fdev[1](11)      1.08375 -2.28961e-006
log_fdev[1](12)     0.749607  6.4372e-006
log_fdev[1](13)     0.376687 1.16543e-005
log_fdev[1](14)     0.122156 9.22997e-006
log_fdev[1](15)     0.105897 6.30881e-006
log_fdev[1](16)     0.472865 2.06321e-006
log_fdev[1](17)     0.534878 -1.30699e-007
log_fdev[1](18)    -0.958136 4.72463e-006
log_fdev[1](19)    -0.791601 4.12649e-006
log_fdev[1](20)   -0.0408901 3.29508e-006
log_fdev[1](21)    -0.323264 3.38447e-006
log_fdev[1](22)     -0.88911 3.60864e-006
log_fdev[1](23)     -0.81669 2.83107e-006
log_fdev[1](24)    -0.160227 8.67903e-007
log_fdev[1](25)    -0.273085 -2.7513e-006
log_fdev[1](26)   -0.0676689 -1.32214e-005
log_fdev[1](27)    -0.381425 -8.21404e-006
log_fdev[1](28)    -0.748221 2.86818e-005
log_fdev[1](29)    -0.708092 6.54961e-005
log_fdev[1](30)     0.297263 4.37582e-005
log_fdev[1](31)     0.584678  4.5564e-005
log_fdev[1](32)     0.694433 2.48462e-005
log_fdev[1](33)      1.14931 1.32982e-005
log_fdev[1](34)      1.11361 -1.95738e-006
log_fdev[1](35)     0.479449 -1.23461e-005
log_fdev[1](36)      0.30668 -4.27761e-006
log_fdev[1](37)     0.150326 4.19976e-006
log_fdev[1](38)    -0.659748 1.18238e-005
log_fdev[2](1)    -0.859702 -2.50065e-007
log_fdev[2](2)    -0.575057 4.34821e-007
log_fdev[2](3)    -0.447558 -5.20743e-007
log_fdev[2](4)    -0.532976 -7.80911e-008
log_fdev[2](5)      1.03031 -4.73896e-008
log_fdev[2](6)     -4.86569 -1.30994e-008
log_fdev[2](7)    -0.226391 4.44816e-007
log_fdev[2](8)    -0.196102 7.55271e-007
log_fdev[2](9)    -0.465183 7.77541e-007
log_fdev[2](10)     0.868086 3.32708e-007
log_fdev[2](11)      1.16489 1.43567e-006
log_fdev[2](12)      1.43033 1.25252e-006
log_fdev[2](13)       2.2388 1.14275e-006
log_fdev[2](14)     0.986995 1.06856e-006
log_fdev[2](15)     0.240717 1.22044e-006
log_fdev[2](16)     0.659501 8.63266e-007
log_fdev[2](17)     0.591309  1.2252e-006
log_fdev[2](18)     0.438835 5.18357e-007
log_fdev[2](19)     0.591539 1.13871e-006
log_fdev[2](20)     0.507386 -8.83571e-009
log_fdev[2](21)    -0.110562 -1.32635e-007
log_fdev[2](22)     0.948156 1.86548e-007
log_fdev[2](23)      1.24061 3.88397e-007
log_fdev[2](24)     0.327151 5.87417e-007
log_fdev[2](25)     0.962136 8.42139e-008
log_fdev[2](26)    0.0593918 9.32552e-007
log_fdev[2](27)    -0.575839 2.44234e-006
log_fdev[2](28)     0.223675 7.38995e-006
log_fdev[2](29)     -1.01988 1.07309e-005
log_fdev[2](30)    -0.754059 1.07806e-005
log_fdev[2](31)   -0.0959274 7.37958e-006
log_fdev[2](32)    -0.538791 3.54493e-006
log_fdev[2](33)   -0.0115842 3.81928e-007
log_fdev[2](34)     0.312625 -1.77562e-006
log_fdev[2](35)    -0.350473 -1.71444e-006
log_fdev[2](36)     -1.86971 -6.39654e-008
log_fdev[2](37)     -1.32697 1.93941e-006
log_foff[1]     -6.55829  8.9622e-006
log_fdov[1](1)    0.0269436 -2.7713e-007
log_fdov[1](2)    -0.223171 -9.2213e-007
log_fdov[1](3)    -0.745401 -9.44935e-007
log_fdov[1](4)    -0.771213 -6.64608e-007
log_fdov[1](5)     0.239998 -1.3363e-007
log_fdov[1](6)    0.0474497 7.33726e-007
log_fdov[1](7)     -0.18961 1.95311e-006
log_fdov[1](8)    0.0767258 2.45945e-006
log_fdov[1](9)    -0.297283 2.24425e-006
log_fdov[1](10)     0.109307 1.63338e-006
log_fdov[1](11)     0.979974 2.18627e-006
log_fdov[1](12)       1.0861 2.08683e-006
log_fdov[1](13)      1.11576 2.09477e-006
log_fdov[1](14)  -0.00647963 1.39065e-006
log_fdov[1](15)      1.53525 7.65174e-007
log_fdov[1](16)     -1.20705 2.19707e-006
log_fdov[1](17)    -0.758847 1.04342e-006
log_fdov[1](18)     -1.70006 1.13794e-006
log_fdov[1](19)     -1.81839 1.28758e-006
log_fdov[1](20)     -2.76576 1.34142e-006
log_fdov[1](21)    -0.173257 7.66753e-007
log_fdov[1](22)     -1.26467  9.4343e-007
log_fdov[1](23)    -0.996127 5.38907e-007
log_fdov[1](24)    -0.664767 9.97902e-007
log_fdov[1](25)     -2.12175 -7.66455e-007
log_fdov[1](26)     0.276942 -3.1173e-006
log_fdov[1](27)     0.605389 -5.38082e-006
log_fdov[1](28)      1.20669 -6.01693e-006
log_fdov[1](29)     0.385196 -1.21472e-006
log_fdov[1](30)      2.22048 9.13414e-008
log_fdov[1](31)   -0.0430423 -1.23872e-007
log_fdov[1](32)     0.868382 -1.77619e-007
log_fdov[1](33)      1.57011 -5.44894e-007
log_fdov[1](34)     0.970793  -6.248e-007
log_fdov[1](35)     0.589215 1.95297e-007
log_fdov[1](36)     0.596551 4.53892e-008
log_fdov[1](37)     0.401815 9.64083e-007
log_fdov[1](38)     0.837814 2.17565e-006
rec_dev_est(1982)      2.32079 7.92671e-006
rec_dev_est(1983)     0.923056 2.27681e-006
rec_dev_est(1984)      2.36106 7.24426e-006
rec_dev_est(1985)      5.25844 2.54027e-005
rec_dev_est(1986)      2.08673 4.27887e-006
rec_dev_est(1987)      1.74135  2.0955e-005
rec_dev_est(1988)     0.879167 6.48813e-006
rec_dev_est(1989)     -7.99997 1.12165e-007
rec_dev_est(1990)       1.7651 1.49401e-005
rec_dev_est(1991)      3.73065 1.97577e-005
rec_dev_est(1992)      2.55165 1.21164e-005
rec_dev_est(1993)      3.24385 5.10273e-006
rec_dev_est(1994)     -0.73785 3.04758e-007
rec_dev_est(1995)    -0.819032 1.90955e-006
rec_dev_est(1996)           -8 -3.85137e-009
rec_dev_est(1997)      1.31141 1.61728e-005
rec_dev_est(1998)      3.29808  3.7193e-006
rec_dev_est(1999)      1.03556 5.49937e-006
rec_dev_est(2000)    -0.330309 2.87838e-006
rec_dev_est(2001)      1.27423 4.59773e-005
rec_dev_est(2002)      1.00802 5.49646e-005
rec_dev_est(2003)      3.78527 8.22906e-005
rec_dev_est(2004)      1.12056  0.000114315
rec_dev_est(2005)    -0.431792 3.11271e-005
rec_dev_est(2006)           -8 -3.98411e-012
rec_dev_est(2007)      0.25863 2.62786e-005
rec_dev_est(2008)      4.39423 2.51228e-006
rec_dev_est(2009)    -0.517588 -2.14406e-006
rec_dev_est(2010)      2.15399 -1.31063e-005
rec_dev_est(2011)      2.31812 -3.19861e-006
rec_dev_est(2012)    0.0966099 8.68575e-008
rec_dev_est(2013)     0.146079  2.3877e-006
rec_dev_est(2014)      2.53707  5.6555e-006
rec_dev_est(2015)       4.0285 4.98558e-006
rec_dev_est(2016)      3.75273  6.0308e-007
rec_dev_est(2017)      2.61051 -1.10312e-007
rec_dev_est(2018)     -7.99889 -1.36927e-006
rec_dev_est(2019)            8 -2.75791e-007
logit_rec_prop_est(1982)      1.98597 -4.69902e-005
logit_rec_prop_est(1983)      1.65073 -5.36948e-005
logit_rec_prop_est(1984)     0.489123 -2.71794e-005
logit_rec_prop_est(1985)     -2.86617   0.00012709
logit_rec_prop_est(1986)     -1.68542 -1.9371e-005
logit_rec_prop_est(1987)       1.4285 -1.01135e-005
logit_rec_prop_est(1988)     0.210076 -1.56862e-005
logit_rec_prop_est(1989)      -0.9871 -5.72602e-005
logit_rec_prop_est(1990)      3.56217 -5.49674e-005
logit_rec_prop_est(1991)     -1.43067  0.000102238
logit_rec_prop_est(1992)    -0.734918 2.39673e-005
logit_rec_prop_est(1993)     -3.55662 -3.31281e-005
logit_rec_prop_est(1994)     -1.70952 -5.50466e-005
logit_rec_prop_est(1995)      1.63228 -5.44789e-005
logit_rec_prop_est(1996)    -0.936868 -5.74495e-005
logit_rec_prop_est(1997)      6.25858 -5.72997e-005
logit_rec_prop_est(1998)     -4.54377 -3.92706e-005
logit_rec_prop_est(1999)     -1.03077 -1.22959e-005
logit_rec_prop_est(2000)  -0.00127607 -3.78321e-005
logit_rec_prop_est(2001)      3.74273 -4.4554e-005
logit_rec_prop_est(2002)      2.54523 -6.48857e-006
logit_rec_prop_est(2003)     -2.57617   0.00120384
logit_rec_prop_est(2004)      1.49426  0.000219361
logit_rec_prop_est(2005)      2.78681 -3.2243e-005
logit_rec_prop_est(2006)    -0.966143 -5.82924e-005
logit_rec_prop_est(2007)      3.42968 -8.03663e-005
logit_rec_prop_est(2008)      -3.6501 -5.42156e-005
logit_rec_prop_est(2009)     -1.24597 -7.99486e-005
logit_rec_prop_est(2010)      -2.1987 -0.000221203
logit_rec_prop_est(2011)     -3.09879 -9.6063e-005
logit_rec_prop_est(2012)      1.34936 -5.46017e-005
logit_rec_prop_est(2013)      1.26121 -5.16668e-005
logit_rec_prop_est(2014)    0.0306923 -1.91563e-005
logit_rec_prop_est(2015)     -0.35124 -3.65768e-005
logit_rec_prop_est(2016)    -0.935871 -6.02415e-005
logit_rec_prop_est(2017)      1.46005 -5.77681e-005
logit_rec_prop_est(2018)    -0.990794 -5.8027e-005
logit_rec_prop_est(2019)     0.179403 -5.66829e-005
m_mat_mult[1]   -0.0168665 -0.000414107
m_mat_mult[2]    0.0780819 -7.0476e-006
survey_q[1]     0.101409  9.7768e-008
survey_q[2]     0.269734 2.33178e-006
survey_q[3]     0.383027 -2.34037e-007
survey_q[4]     0.692421  3.8126e-006
